0.000000000000000000e+00
1.143885331060083023e-06
1.979411270531864338e-06
2.179811809298138054e-06
1.437153921627508488e-06
2.364884321181612138e-08
-1.998412612244502659e-09
-2.397851800198589213e-09
-2.734948472204140573e-09
-3.069148392711025685e-09
-3.400292284172965587e-09
-3.728176777098289258e-09
-4.052332489018412822e-09
-4.372226810565614071e-09
-4.687108750413652318e-09
-4.995993417417386376e-09
-5.296052822291845208e-09
-5.583779263936078082e-09
-5.854311148825333815e-09
-5.703301542621918707e-09
2.332387262473996630e-08
1.011726598884056031e-05
3.518199872943755108e-03
4.444153652016168653e-04
8.791094254061022060e-06
3.268761915096556741e-07
2.158329424096722817e-08
-4.600882913935659051e-10
-3.353348436709146186e-09
-3.294747451076085913e-09
1.467561314600377478e-09
5.672681576256064066e-08
1.541259031043256600e-06
1.055518359192334296e-04
2.307735739225273870e-03
3.284692890037222823e-04
1.851610929950277124e-05
1.522402575182215366e-06
1.929789225361981984e-07
3.583566314781256230e-08
8.080656840203103111e-09
1.295196757066345099e-09
-4.904969856992914819e-10
-1.554335554081081315e-10
2.739969738125597648e-09
1.183744551492177919e-08
4.166369760356357806e-08
1.518237797463687617e-07
6.067170048594598806e-07
2.629027993398160492e-06
1.175879204187272621e-05
4.911927307899407102e-05
1.521902107517963227e-04
2.305650675185597390e-04
1.438888644861826193e-04
4.855754818029028706e-05
1.142577738377360848e-05
2.028129864050638620e-06
2.693925227482819242e-07
2.310946108515999442e-08
-2.719338010072001385e-09
-4.605983168303729781e-09
-4.594131091928666964e-09
-4.463941703309424641e-09
-4.321840411045763921e-09
-4.169744013811288845e-09
-4.007838274752361517e-09
-3.836204095622003622e-09
-3.655201872753385450e-09
-3.464974682239067119e-09
-3.265697286128942931e-09
-3.057689444930644549e-09
-2.841081354429464801e-09
-2.616082155157300089e-09
-2.382911740060496569e-09
-2.141808669901501545e-09
-1.893010593325900306e-09
-1.636763010953286168e-09
-1.373324552593160734e-09
-1.102953219413598299e-09
-8.259189911538737615e-10
-5.425051898492778678e-10
-2.529806479044910391e-10
4.237230013695166809e-11
3.432626034598342997e-10
6.493795011126995073e-10
9.603879807497733887e-10
1.275928581702560874e-09
1.595665978660418234e-09
1.919608655548993628e-09
2.247529133238125526e-09
2.578839816417916468e-09
2.913121141447519831e-09
3.250054325270281776e-09
3.589424652146192097e-09
3.930876792275087841e-09
4.273907275313602926e-09
4.617527439713505631e-09
4.960798875880521070e-09
5.300190130463294799e-09
5.633048913124105256e-09
5.914357508969332655e-09
3.604910868238296438e-09
-7.314033456078345046e-07
-1.248037937171504481e-03
-1.383366614107582084e-03
-1.776667244182264513e-05
-3.546301606827614334e-07
-1.259276774692055076e-08
2.585436733749513173e-09
4.163671967801610609e-09
2.851119509178914946e-09
-2.783928488855211331e-08
-2.347011949662314305e-06
-8.346438165638180116e-04
-1.623570195654754512e-03
-4.404872722655430773e-05
-1.852045163519870118e-06
-1.984215105511881327e-07
-5.949293999732137360e-08
-6.291161194679211320e-08
-2.652402043231792373e-07
-4.391176031649804256e-06
-2.873120524057981421e-04
-2.180295670115766325e-03
-1.755439293660409489e-04
-1.238927541824696822e-05
-1.819451873172159362e-06
-6.370538672274774234e-07
-5.557999856306809190e-07
-1.295790128447502249e-06
-8.161389471185933830e-06
-1.290520288409153300e-04
-1.380689100330558146e-03
-5.146144518687191353e-04
-5.908851600353572450e-05
-9.214626461596522953e-06
-2.434877890674814445e-06
-1.099260209497646443e-06
-8.379291847860656773e-07
-1.069275530454334326e-06
-2.243589965640622791e-06
-7.384516461245217394e-06
-3.547265117195117401e-05
-1.977794309799290229e-04
-5.529687589736197737e-04
-3.297823840393027269e-04
-8.380782971008380667e-05
-1.811507836713765427e-05
-3.995326766277206353e-06
-9.042658251244740122e-07
-2.013012671856290963e-07
-3.985682922179319420e-08
-3.899513259118258094e-09
3.513813929680975276e-09
4.835745038979120370e-09
4.989980207988366723e-09
4.942868100550341591e-09
4.863125815029225539e-09
4.772726237043808402e-09
4.671697502038783423e-09
4.560141013425173023e-09
4.438171632499421565e-09
4.305968701187807133e-09
4.163684691549437339e-09
4.011459232997202719e-09
3.849364533271947808e-09
3.677726874341795960e-09
3.496698542659012034e-09
3.306424600849088141e-09
3.107211892115288605e-09
2.899205942523104839e-09
2.682593235538744775e-09
2.457591139589670957e-09
2.224419144835874828e-09
1.983316695684945245e-09
1.734519651075860279e-09
1.478275232305333173e-09
1.214839620392868892e-09
9.444713856375705644e-10
6.674461964211332185e-10
3.840342978395511081e-10
9.451069893958253559e-11
-2.008442994602347704e-10
-5.017314100892248274e-10
-8.078280955306602310e-10
-1.118786778396541348e-09
-1.434255087110303275e-09
-1.754037372092871736e-09
-2.078154022971128147e-09
-2.406134023223210961e-09
-2.737397449283342806e-09
-3.071651779361878449e-09
-3.408579438993830135e-09
-3.748033043617745369e-09
-4.089437173745122574e-09
-4.432158211201700918e-09
-4.775329119709442159e-09
-5.117192240575939223e-09
-5.452824497211037710e-09
-5.780769851402043054e-09
-5.830336625871061003e-09
2.219237990362376722e-08
2.143338815404257830e-05
4.585151045363480317e-03
1.771675632841680271e-04
2.377789391598013387e-06
6.766647192918540869e-08
7.095472479372181897e-10
-3.910731639708913554e-09
-4.306987124767347746e-09
7.721608369745120168e-11
1.438060841749374212e-07
2.411469415459423457e-05
3.454800016974191642e-03
3.596060145159012838e-04
9.661961904237722200e-06
5.849812512127590852e-07
9.015712737003549033e-08
4.303121081388253683e-08
7.991713020402135378e-08
5.928180288161903904e-07
1.818945435014883796e-05
1.335699463865700929e-03
1.021813957769627601e-03
5.587529356883448047e-05
4.960533805428540122e-06
9.844473079880000111e-07
4.804310736889994122e-07
6.079241164581916287e-07
2.110478681606661953e-06
1.991185941374182800e-05
4.126646786918173508e-04
1.383870667778056311e-03
2.199609482114626101e-04
2.598293685308811815e-05
4.838585109449941166e-06
1.567272588814094055e-06
8.800738277179052932e-07
8.421099526744684595e-07
1.379027407289537088e-06
3.717916560190888560e-06
1.567904593322440762e-05
9.163654937308185846e-05
4.422847988580386213e-04
5.213736180941208045e-04
1.605250284167910951e-04
3.406333975823137134e-05
7.258140398195839334e-06
1.637072010456953807e-06
3.800480448302656822e-07
8.520286969075171561e-08
1.520916091191921014e-08
-9.242489632074551818e-10
-4.353445261716420941e-09
-4.965265329244018792e-09
-5.011982478616886373e-09
-4.949664591939379150e-09
-4.870003315086863805e-09
-4.779619569990457263e-09
-4.678611308380160415e-09
-4.567074131335329679e-09
-4.445115622977964749e-09
-4.312920702634229295e-09
-4.170642781947577272e-09
-4.018422096617764057e-09
-3.856338829641144961e-09
-3.684695447859792692e-09
-3.503672490304892453e-09
-3.313398987732504383e-09
-3.114184080586860730e-09
-2.906178556257246560e-09
-2.689566368654939814e-09
-2.464564154729506995e-09
-2.231392228626583941e-09
-1.990290165048010360e-09
-1.741492724493020786e-09
-1.485248182962505357e-09
-1.221812342985310365e-09
-9.514440804123343900e-10
-6.744176555973903871e-10
-3.910049270654509773e-10
-1.014807712841802717e-10
1.938757338604607697e-10
4.947632432690019760e-10
8.008582926855826821e-10
1.111810528717841919e-09
1.427265754137502896e-09
1.747051587713979806e-09
2.071194468224313318e-09
2.399180324305830941e-09
2.730438871662628549e-09
3.064690842659603332e-09
3.401614045736586065e-09
3.741063598931603402e-09
4.082466752793604476e-09
4.425200491687096373e-09
4.768394665893974527e-09
5.110326108293898951e-09
5.446210114616485308e-09
5.774649544062641875e-09
5.841276018743442307e-09
-1.986620085112067357e-08
-1.902016608869000261e-05
-4.598608626979226906e-03
-1.911910397020738018e-04
-2.502682513369233280e-06
-6.889030975156567632e-08
-6.220170206459336046e-10
3.987738347210472366e-09
4.446865396887624741e-09
9.446955440618756091e-10
-1.092137564838448363e-07
-1.716471960748479320e-05
-3.232052743752138017e-03
-4.438107268559061871e-04
-1.128841307594465126e-05
-6.336298756667184924e-07
-8.978107808313118183e-08
-3.819778624859965718e-08
-6.302318205742423442e-08
-4.194242783613032140e-07
-1.120045820573949583e-05
-9.134093250994638515e-04
-1.347178699352415913e-03
-7.528113915964406713e-05
-6.014868560752942077e-06
-1.055809615333766724e-06
-4.488548188286137457e-07
-4.876986549123605691e-07
-1.437642201425931250e-06
-1.149617428044433572e-05
-2.252847343500816320e-04
-1.523226304232612113e-03
-3.393906200135470290e-04
-3.759146890082260901e-05
-6.166097579970681901e-06
-1.737819197010210961e-06
-8.412798053654365963e-07
-6.890783470915335693e-07
-9.541194124654450357e-07
-2.172587674755105872e-06
-7.770548861086281820e-06
-4.047717524636419912e-05
-2.356729236711854660e-04
-5.877940047085251181e-04
-2.947730127166722433e-04
-6.880216064029390981e-05
-1.430690354703184805e-05
-3.074013645090560074e-06
-6.789594542753662464e-07
-1.467523566265330761e-07
-2.724757521593133030e-08
-1.229265893749068253e-09
4.006859352443573168e-09
4.905823274788113272e-09
4.990827374880248041e-09
4.933460772062920163e-09
4.853782912634048404e-09
4.763347302806498980e-09
4.662296888895350254e-09
4.550719120740276176e-09
4.428737378938243025e-09
4.296525552893364126e-09
4.154234513386257052e-09
4.002003740409115825e-09
3.839896565226033561e-09
3.668266360997677537e-09
3.487234302855878999e-09
3.296961373723018610e-09
3.097752427864150018e-09
2.889746441606627668e-09
2.673133688387775716e-09
2.448131277718510778e-09
2.214959778670464974e-09
1.973857395105024768e-09
1.725060161625643299e-09
1.468815833604085625e-09
1.205380599594251173e-09
9.350119351494333797e-10
6.579861959635664894e-10
3.745734108729171567e-10
8.504799356972591159e-11
-2.103091484098837306e-10
-5.111957209618648619e-10
-8.172850124632319663e-10
-1.128224500524586204e-09
-1.443658516060484070e-09
-1.763470337017835196e-09
-2.087656397750637313e-09
-2.415637637955763713e-09
-2.746888628682837412e-09
-3.081135811328534079e-09
-3.418061198198940415e-09
-3.757509961009565264e-09
-4.098906557753019952e-09
-4.441601797154627527e-09
-4.784734791197959686e-09
-5.126473871715802601e-09
-5.462001423620345040e-09
0.000000000000000000e+00
0.000000000000000000e+00
0.000000000000000000e+00
0.000000000000000000e+00
0.000000000000000000e+00
