0.000000000000000000e+00
4.608178635208977308e-07
5.458988684870235706e-07
1.313038517421863268e-08
-6.001725487054794978e-10
-7.496208273200612895e-10
-8.981592946354535331e-10
-1.045811076898959630e-09
-1.192424860571208168e-09
-1.337859903839992577e-09
-1.481972450387184175e-09
-1.624619228449950802e-09
-1.765659167640797043e-09
-1.904950886384483454e-09
-2.042355129486124369e-09
-2.177732532921583711e-09
-2.310945169918710023e-09
-2.441854366119040234e-09
-2.570316340568331090e-09
-2.696190816057785316e-09
-2.819322631666667678e-09
-2.939548073959507348e-09
-3.056663371913963990e-09
-3.170394970941137419e-09
-3.280258462848320099e-09
-3.386583994426854221e-09
-3.490896757676535740e-09
-3.592539982464015532e-09
-3.685176394908690898e-09
-3.487133834072455449e-09
1.034678287736713263e-07
2.449910952268719738e-04
6.263060547188355589e-05
2.684216434398342938e-07
8.518505556052027672e-10
-3.212177937669873461e-09
-3.475513567766361407e-09
-3.563090417284359593e-09
-3.621953679710301231e-09
-3.630157227092016851e-09
-2.515513252705096015e-09
6.832569679766571795e-08
1.077839082385474207e-05
5.466787590460271901e-04
1.640513857851001191e-05
2.485262870766716161e-07
2.358499378157281273e-09
-3.216996187585348269e-09
-3.405082346476403237e-09
-3.412683633829134122e-09
-3.414336670579668602e-09
-3.411347932174816953e-09
-3.403786097676580650e-09
-3.391645123124283656e-09
-3.375049402362457254e-09
-3.354242407470211584e-09
-3.328785114469581489e-09
-3.298630385756716995e-09
-3.264047766239245996e-09
-3.224993538420929269e-09
-3.181316240334686511e-09
-3.133026300119657822e-09
-3.080186493218576481e-09
-3.022856189635584162e-09
-2.961121273449372807e-09
-2.895040735241506578e-09
-2.824695149486901190e-09
-2.750150775781395234e-09
-2.671499290482649619e-09
-2.588821199807987939e-09
-2.502203351348199074e-09
-2.411735855590082142e-09
-2.317508488395345182e-09
-2.219621672447236205e-09
-2.118171551673318152e-09
-2.013262288031784324e-09
-1.904997479985782296e-09
-1.793487035230583527e-09
-1.678840874401176073e-09
-1.561173126288124383e-09
-1.440600688793630635e-09
-1.317243672313608358e-09
-1.191223259341375007e-09
-1.062664600345240111e-09
-9.316924756598617012e-10
-7.984398321334100070e-10
-6.630389416083731375e-10
-5.256207505818631638e-10
-3.863252814912655725e-10
-2.452889326097775055e-10
-1.026533633272321835e-10
4.144045875129550963e-11
1.868437142640080918e-10
3.333752853197621516e-10
4.809688739808393470e-10
6.295602476360169909e-10
7.788533994117479245e-10
9.287300207637826402e-10
1.079050382387226858e-09
1.229666909998075814e-09
1.380428805647938960e-09
1.531188405991394153e-09
1.681796646254191065e-09
1.832103695460986236e-09
1.981958818579923378e-09
2.131209649002085605e-09
2.279704026445187036e-09
2.427284564833588512e-09
2.573787899494522970e-09
2.719041148679180441e-09
2.862853847283640488e-09
3.004969583059510722e-09
3.145039174466044445e-09
3.282303458903358101e-09
3.417504775472922843e-09
3.552227016439146909e-09
3.681014608751831140e-09
3.124819425544826432e-09
-1.234477877007815045e-06
-1.243128114361772250e-03
-2.482388954647371294e-06
-1.481694042625357986e-08
2.393053079002501444e-09
3.033760584098632967e-09
1.088184285357699181e-09
-1.251907666712594203e-07
-6.311986183497900963e-05
-2.248076594776255213e-04
-1.672309516933523973e-06
-5.314983105599018661e-08
-6.976140983263265242e-09
-6.937013058086093692e-09
-5.565477909030076316e-08
-1.845059640900847118e-06
-2.122154012295729766e-04
-1.169998220197350996e-04
-2.564797550763971411e-06
-1.497047339937203003e-07
-2.447332981399587884e-08
-1.075819087528490118e-08
-1.693544766359844597e-08
-7.153109644863855557e-08
-6.533699791890517287e-07
-1.225607503198663161e-05
-2.053535748438314954e-04
-7.264181150528469389e-05
-4.354980299723044711e-06
-3.034305131076524011e-07
-2.432452614980927673e-08
4.623434348347822293e-10
3.105012604248974738e-09
3.413676698420758278e-09
3.438442430253005844e-09
3.426435435738663644e-09
3.409220838214717548e-09
3.387605293205409202e-09
3.361615666585343593e-09
3.331260454723924327e-09
3.296457824564069756e-09
3.257186097842448261e-09
3.213677918140894874e-09
3.165527115334254584e-09
3.112791070114660024e-09
3.055555101061644784e-09
2.993859699901524300e-09
2.927823335798079567e-09
2.857506747171298098e-09
2.782987928796940457e-09
2.704355160169652576e-09
2.621693506730861030e-09
2.535083463021972023e-09
2.444623406508266603e-09
2.350403024504969836e-09
2.252520154240064168e-09
2.151073830361432844e-09
2.046166715412771113e-09
1.937904094479275577e-09
1.826394968152780529e-09
1.711749585114901508e-09
1.594082699065684787e-09
1.473511040088350843e-09
1.350154280896097553e-09
1.224134170150152882e-09
1.095575955639632637e-09
9.646037585275142411e-10
8.313512945674874282e-10
6.959504793182044748e-10
5.585322657936027582e-10
4.192360786485319493e-10
2.781983323621257390e-10
1.355601891856282160e-10
-8.537306882415321099e-12
-1.539415302464311971e-10
-3.004941253242808927e-10
-4.480947533856270498e-10
-5.966733971363022873e-10
-7.459590143709788091e-10
-8.958325708097294482e-10
-1.046151304219809526e-09
-1.196766990175717384e-09
-1.347528034379324234e-09
-1.498287029195113774e-09
-1.648895406659703019e-09
-1.799202924484016162e-09
-1.949059015450457896e-09
-2.098312333695981740e-09
-2.246810788417868623e-09
-2.394397207888364754e-09
-2.540911661503557947e-09
-2.686184274978799403e-09
-2.830023469221853893e-09
-2.972205547810059847e-09
-3.112397903826879840e-09
-3.249960419071838443e-09
-3.387445074980047580e-09
-3.520989902788833466e-09
-3.651467424377542052e-09
-3.562543642569457557e-09
2.219756887314270667e-07
1.380274766561361390e-03
8.137043491823427497e-06
3.537652119595816323e-08
-2.028942520914373600e-09
-3.119333274440061209e-09
-2.536820450642482424e-09
2.617779921247353960e-08
7.927620151877195007e-06
7.755048466363151935e-04
6.154991759065433939e-06
1.145194747562173372e-07
8.399230612408576428e-09
2.760957019058507895e-09
1.444543557137444498e-08
2.713139225025953621e-07
2.064150970697549388e-05
5.079948707722248356e-04
1.393089266017147584e-05
4.609067296812929604e-07
4.142830775858037440e-08
8.931397345958523713e-09
5.283654909735955886e-09
1.272802942104745782e-08
6.621812403068733291e-08
6.474666862889363942e-07
1.163824577676047957e-05
1.815104900486033289e-04
7.742064432189256658e-05
4.926968949501323569e-06
3.305141702489816807e-07
2.277555265705509832e-08
-1.177038945346157773e-09
-3.234763148994015071e-09
-3.405788613906683347e-09
-3.399835917008382759e-09
-3.383053928744820575e-09
-3.361647216291344296e-09
-3.336013413398489365e-09
-3.305881751200054093e-09
-3.271274394193890005e-09
-3.232130778331740326e-09
-3.188534279212906617e-09
-3.140305355563119718e-09
-3.087503404849373417e-09
-3.030208615495302677e-09
-2.968492201851278426e-09
-2.902427305574279823e-09
-2.832093850870569829e-09
-2.757556680689296465e-09
-2.678911311194000524e-09
-2.596238317100354845e-09
-2.509623221177872660e-09
-2.419158006183974065e-09
-2.324933015220558657e-09
-2.227047270294796950e-09
-2.125598363499467730e-09
-2.020690163549891370e-09
-1.912425967202124671e-09
-1.800915992731215702e-09
-1.686270246256550180e-09
-1.568603152125494674e-09
-1.448031136903233818e-09
-1.324674363216753326e-09
-1.198654531693671235e-09
-1.070096286273298918e-09
-9.391237822644880370e-10
-8.058721056214110585e-10
-6.704708672372671190e-10
-5.330536206294755858e-10
-3.937576419921163111e-10
-2.527199166948961934e-10
-1.100809515988230798e-10
3.401877394685753511e-11
1.794310998181920436e-10
3.260041762265422215e-10
4.736260751820935105e-10
6.221736801922879434e-10
7.714540816729565931e-10
9.213250081892234329e-10
1.071642190233417825e-09
1.222256741229486346e-09
1.373016668885233435e-09
1.523774966722133883e-09
1.674382400820795918e-09
1.824688498876318121e-09
1.974543126462165242e-09
2.123793950231700095e-09
2.272288491177944807e-09
2.419868758492364999e-09
2.566373442909696024e-09
2.711628333797735372e-09
2.855442366805889034e-09
2.997558757383323728e-09
3.137621130078015990e-09
3.275119339449204950e-09
3.412151832863546804e-09
3.546475518219829400e-09
3.672280164564669599e-09
2.756735693657171628e-09
-2.267980371827628884e-06
-9.273497069634355477e-04
-1.594384484977619567e-06
-9.037428556948681352e-09
2.692643085859213916e-09
3.176413841111816293e-09
1.891257778353470911e-09
-8.121657700892333932e-08
-3.987351811804923314e-05
-2.979954630186638920e-04
-1.976747718798333367e-06
-5.027095498835268438e-08
-4.250919849957740576e-09
-2.347024754750252473e-09
-2.093378219366349287e-08
-5.440997487823647817e-07
-5.704280236857016553e-05
-3.086689117415009889e-04
-6.025722893908935492e-06
-2.366152878945755437e-07
-2.461152994343155447e-08
-5.899722551456741944e-09
-4.547890604734835886e-09
-1.450221826180360332e-08
-9.034749560142346612e-08
-1.055187131209712529e-06
-2.226003004852799381e-05
-2.321608775349949191e-04
-4.314060025148207451e-05
-2.504627534050575758e-06
-1.670054854217610951e-07
-1.032698102619863740e-08
2.227830284870502473e-09
3.316836681857863776e-09
3.404540971183710646e-09
3.393616623488972912e-09
3.377134430631080477e-09
3.355460740988205691e-09
3.329343672519092957e-09
3.298887800711503221e-09
3.263701103130340278e-09
3.224445840122529896e-09
3.180835840309954942e-09
3.132592926386630092e-09
3.079785289216396171e-09
3.022477635056058858e-09
2.960757771012811328e-09
2.894687501096625690e-09
2.824349695990183644e-09
2.749810068715745996e-09
2.671162001795087729e-09
2.588486304473489203e-09
2.501870062640140923e-09
2.411403852854538000e-09
2.317177456929809878e-09
2.219291289574138317e-09
2.117841771432104437e-09
2.012933009578536552e-09
1.904668655824623492e-09
1.793158500055565213e-09
1.678512924499538078e-09
1.560845599293219336e-09
1.440273611215318761e-09
1.316917072855473605e-09
1.190897168903744462e-09
1.062339042713671194e-09
9.313666679374302234e-10
7.981153026211073504e-10
6.627139697481145944e-10
5.252967700656403176e-10
3.860008687490000717e-10
2.449621682197978743e-10
1.023224607849441761e-10
-4.177906190148706534e-11
-1.871959376083504832e-10
-3.337794441915485847e-10
-4.814049366829671714e-10
-6.299450714481908427e-10
-7.792230484147196924e-10
-9.290920348222658850e-10
-1.079407604630144056e-09
-1.230022007849146481e-09
0.000000000000000000e+00
0.000000000000000000e+00
0.000000000000000000e+00
0.000000000000000000e+00
0.000000000000000000e+00
