0.000000000000000000e+00
2.046255827280759404e-06
3.887462335695485098e-06
5.230800457979784428e-06
5.835130361524748517e-06
5.465106252388562609e-06
3.893151913232459512e-06
1.008062781267277135e-06
-1.153837943782443145e-09
-3.572683671961498891e-09
-5.677498526768934667e-09
-6.545090588384669426e-09
-7.128146860305754606e-09
-7.694033001791459668e-09
-8.237149201372210733e-09
-8.725146457242492257e-09
-9.060542907934869733e-09
-5.998123275950320688e-09
1.473118757924566415e-07
2.077394211930435277e-05
1.567623383728436589e-03
4.881545469763924963e-03
1.689423492907679743e-03
5.265332318182989677e-04
4.647999095963120008e-05
1.816320686088867045e-06
4.310560257625990918e-07
2.331294608542721775e-08
2.193787569143411732e-09
-5.586561997186417945e-09
-6.899350071669045195e-09
-7.603395894407829714e-09
-7.979414208683248604e-09
-7.969237550305478339e-09
-6.944388603372956967e-09
-3.888628155256261994e-10
6.609107890663689326e-08
1.010998578332973380e-06
2.097565215459681312e-05
5.410235037498603615e-04
2.844069162642750680e-03
2.072694139071865928e-03
5.463315528503527889e-04
7.098546705724086332e-05
1.256853164535109213e-05
2.113227640734317684e-06
3.934486287086859628e-07
7.399029859313896235e-08
9.647757863833859062e-09
-3.241800076431954006e-09
-6.130426210321597241e-09
-6.733090565573456499e-09
-6.847446633628243758e-09
-6.830142081683845987e-09
-6.768246306472080863e-09
-6.682506441484888645e-09
-6.577812449489240797e-09
-6.454228872455800892e-09
-6.311889072889014730e-09
-6.150924158491275105e-09
-5.971474928317262858e-09
-5.773691855392905245e-09
-5.557714444477912633e-09
-5.323826030400664477e-09
-5.072279020909648826e-09
-4.803403161973228796e-09
-4.517420503525361107e-09
-4.214619180666301984e-09
-3.895279478108083643e-09
-3.559736650368795706e-09
-3.208325547224957991e-09
-2.841390077874350338e-09
-2.459294717797124587e-09
-2.062422214455441816e-09
-1.651161429897333728e-09
-1.225913245889061207e-09
-7.870962570546779365e-10
-3.351465430056838184e-10
1.294992722059821753e-10
6.063768605110667180e-10
1.095013752428928893e-09
1.594909763675552435e-09
2.105559150307953194e-09
2.626437951872799822e-09
3.157015524752585050e-09
3.696749462877909574e-09
4.245212378700250606e-09
4.802171128237563535e-09
5.367030094648494493e-09
5.939233876235965794e-09
6.517893588651333488e-09
7.101613345265543750e-09
7.687682498861861143e-09
8.266960135231074186e-09
8.794388008892362449e-09
9.012719852851715325e-09
3.889063110501462745e-12
-1.094043842607674389e-06
-3.806396142128618855e-04
-4.118976730154175724e-03
-2.658469379914368737e-03
-1.050498944127742969e-03
-4.412359053095236353e-04
-9.842368066045007076e-05
-9.292590042804448642e-07
-2.779858114847056187e-07
-3.483301476356913582e-08
2.395052671219834170e-09
6.031317736500867269e-09
7.276217107434331903e-09
7.813718532448021633e-09
6.952189881145688618e-09
-1.751429493603104473e-08
-8.687439143342518991e-07
-9.584451452722144674e-05
-2.330112998377315350e-03
-3.752703504180835998e-03
-1.235743593174730339e-03
-3.018996342776666887e-04
-9.586493934782917476e-06
-1.701605993963419905e-06
-2.344116003210354130e-07
-4.197442582034044663e-08
-7.817398546140628653e-09
-1.747190570095460673e-09
-2.107007440077574980e-09
-1.260908273227093836e-08
-1.023359213895432546e-07
-1.191013538779981493e-06
-2.550388647806244090e-05
-8.180490005789332235e-04
-3.578999289735483244e-03
-1.963290827908951812e-03
-4.564153830989944221e-04
-4.492617907199661413e-05
-8.829808841657908202e-06
-1.540517943037224646e-06
-4.110370008553238943e-07
-1.183039535469236154e-07
-4.639438425834812772e-08
-1.944769398982821782e-08
-1.046773766725845156e-08
-7.370037344167890610e-09
-7.448289704401636116e-09
-1.135280657852914122e-08
-2.058495751382721073e-08
-4.103655060049733190e-08
-8.806343520323477143e-08
-1.940803699921719799e-07
-4.457032749942115844e-07
-1.038763690701994977e-06
-2.379033587965205456e-06
-5.266813963507077180e-06
-1.082213454482581398e-05
-1.998542217110782493e-05
-3.209288505609127185e-05
-4.307042488150102094e-05
-4.745735333893145395e-05
-4.255748024375773108e-05
-3.076509055983214270e-05
-1.788151531129215943e-05
-8.333525841859123448e-06
-3.156189788252470207e-06
-9.787736400354721958e-07
-2.433548240234930356e-07
-4.586481440829205003e-08
-3.059486632945661537e-09
4.527386782394972572e-09
5.450366134925277794e-09
5.281591578820048120e-09
4.950224250883751498e-09
4.585284843987318432e-09
4.203227469041289265e-09
3.806286941504109772e-09
3.394969079074906379e-09
2.969670556618058992e-09
2.530808799756384454e-09
2.078822936189558935e-09
1.614155498498413192e-09
1.137264200698181956e-09
6.486162321210760042e-10
1.486935349496713436e-10
-3.620208638740608101e-10
-8.830126586984722454e-10
-1.413757487231622607e-09
-1.953706807028278712e-09
-2.502304717048116099e-09
-3.058983819997718404e-09
-3.623189696546339877e-09
-4.194488527050238290e-09
-4.772691149707527900e-09
-5.357184762167460128e-09
-5.947212185791805711e-09
-6.541868504888505289e-09
-7.139830104339310265e-09
-7.738111002253187233e-09
-8.325946202228357369e-09
-8.847385180429432907e-09
-8.931969748871060222e-09
5.171224504373928464e-09
1.952126349933609550e-06
6.657653614767057929e-04
5.078246861812811888e-03
2.381756291017494455e-03
9.659969584010636963e-04
3.826502008759752544e-04
5.770331426071006510e-05
6.589526573665223375e-07
2.410654025812326030e-07
1.408909476264914093e-08
-2.501689289440692950e-09
-6.395981580517974792e-09
-7.323468221302010071e-09
-7.451894302019509069e-09
-5.331235802753436717e-09
3.900787356554807344e-08
2.119568574119958641e-06
2.494875514241944514e-04
3.109995251385375137e-03
3.145435120861318160e-03
1.000455520653845696e-03
1.831240899573751031e-04
5.817518090017479342e-06
1.420389125968405811e-06
1.475783761183022996e-07
3.902980508054789681e-08
6.382382582967952528e-09
1.072619367774084113e-09
1.651287794688051365e-09
9.471917826011662808e-09
6.210892658239927434e-08
5.661811650919195347e-07
8.085935935659158889e-06
2.089598663548954463e-04
2.284934846035749888e-03
2.826906002640057567e-03
9.136838073176690826e-04
1.368138425344906403e-04
2.115443044047348099e-05
4.309150569180632227e-06
9.076018130081374585e-07
2.510755901600342090e-07
7.492473405958658952e-08
2.397312580824581882e-08
6.319589234145407961e-09
-7.804500553895951051e-10
-3.813527788451725145e-09
-5.413122617101561724e-09
-6.267500818874395422e-09
-6.800891772327196449e-09
-7.145772892480141914e-09
-7.380476590087097614e-09
-7.544743842515624458e-09
-7.648580959288823823e-09
-7.701156476679438468e-09
-7.701310394008537548e-09
-7.653283587115578532e-09
-7.561768367867815841e-09
-7.428939054415968529e-09
-7.270045685868764475e-09
-7.092928560707131504e-09
-6.897431855029052987e-09
-6.683258356810693967e-09
-6.450587290713065544e-09
-6.199872738665263245e-09
-5.931531451825835907e-09
-5.645835920713110791e-09
-5.343119544886552583e-09
-5.023765155506133969e-09
-4.688201467017244341e-09
-4.336779819941765673e-09
-3.969826445990072653e-09
-3.587694216863350376e-09
-3.190788207884874347e-09
-2.779488424197552293e-09
-2.354208310357707224e-09
-1.915370337603905133e-09
-1.463403336534421278e-09
-9.987500132888456439e-10
-5.218676953228309612e-10
-3.322405244670046154e-11
4.667006451352929684e-10
9.774077527070649234e-10
1.498379502958074380e-09
2.029079921519485541e-09
2.568961906233822494e-09
3.117471077416807015e-09
3.674052961017255237e-09
4.238305041658886160e-09
4.810013276789417721e-09
5.388552474757773735e-09
5.973226587688200141e-09
6.563104171750584226e-09
7.156822813689099398e-09
7.751351705583683211e-09
8.335557624486063769e-09
8.848834880078159635e-09
8.902363226343723111e-09
-6.464562263964177467e-09
-2.126235457624084820e-06
-7.096729414782748484e-04
-5.172626776873845249e-03
-2.326812241554917279e-03
-9.502094679317923086e-04
-3.818297845724588462e-04
-6.187726440122634031e-05
-6.412387148329474614e-07
-2.378622252826365095e-07
-1.607103740715194994e-08
2.710240924168770572e-09
6.405565943914506048e-09
7.361815028401791214e-09
7.618053531607368247e-09
6.015149349634333287e-09
-3.169590996682869341e-08
-1.759392838245392544e-06
-2.114641064126337978e-04
-2.951014267923467767e-03
-3.247358565162641181e-03
-1.046449538298213156e-03
-2.099057114435056196e-04
-6.093355655495728300e-06
-1.447820882319408369e-06
-1.569244468564339933e-07
-3.754004652876535197e-08
-5.769602793442120866e-09
-6.754312583072892772e-10
-1.176580237769632298e-09
-9.131632292654674770e-09
-6.787059497204068584e-08
-6.802019586777019273e-07
-1.111332340103951964e-05
-3.263254197184909506e-04
-2.754649124414058556e-03
-2.574740487656979309e-03
-7.404598498499209659e-04
-9.529996138369598328e-05
-1.570669869782727478e-05
-3.049487699985992239e-06
-6.827956202726378230e-07
-1.899963318092633369e-07
-6.144096391285272654e-08
-2.056794294420346581e-08
-6.529031345443465008e-09
-3.857484805431471472e-10
2.282909628908857094e-09
3.686150647857854436e-09
4.402042113828538795e-09
4.722715306161290107e-09
4.869457370937049558e-09
4.875277230415658266e-09
4.880283617879782670e-09
4.940540917531347234e-09
5.132024597589471250e-09
5.490665820672741872e-09
5.972027994714520496e-09
6.493229702719463209e-09
6.933645078310794558e-09
7.214247491488319366e-09
7.312366657685095826e-09
7.261840146107384265e-09
7.117027123519955605e-09
6.916894959648563482e-09
6.685936840859889152e-09
6.435626613356270891e-09
6.167601673566821285e-09
5.882168075664684675e-09
5.579626256848169704e-09
5.260367765608527798e-09
4.924798016427574916e-09
4.573361495287218776e-09
4.206406555404001021e-09
3.824276996374180165e-09
3.427360630788438942e-09
3.016058569934739238e-09
2.590769520860633937e-09
2.151920081885232394e-09
1.699947065949767914e-09
1.235290008942680396e-09
7.584043690543402552e-10
2.697602469352706885e-10
-2.301663186396700113e-10
-7.408765524861546786e-10
-1.261858416611497858e-09
-1.792577676013112110e-09
-2.332486775178832191e-09
-2.881028773436443715e-09
-3.437637723402378226e-09
-4.001832947737777381e-09
-4.573381718488621483e-09
-5.151815960825108003e-09
-5.736431779579604354e-09
-6.326446925175610918e-09
-6.920640901563612146e-09
-7.517008600928414126e-09
-8.109397760258404695e-09
-8.667803054629817086e-09
-9.093813145085433180e-09
-5.481098304868419782e-09
2.888862463453304382e-07
0.000000000000000000e+00
0.000000000000000000e+00
0.000000000000000000e+00
0.000000000000000000e+00
0.000000000000000000e+00
