electron mobility	Ar mobili	ar2 mobi	elediff 	ar diffusio	ar2 diffusio	ar*diffusio
0.068730769230769	1.50E-04	0.00018	0.011761538461539	3.88125E-06	4.6575E-06	0.000304329807692
0.068730769230769	1.50E-04	0.00018	0.046423076923077	3.88125E-06	4.6575E-06	0.001201197115385
0.068730769230769	1.50E-04	0.00018	0.038146153846154	3.88125E-06	4.6575E-06	0.000987031730769
0.050346153846154	1.50E-04	0.00018	0.03415	3.88125E-06	4.6575E-06	0.00088363125
0.042038461538462	1.50E-04	0.00018	0.031934615384615	3.88125E-06	4.6575E-06	0.000826308173077
0.039730769230769	1.50E-04	0.00018	0.030988461538462	3.88125E-06	4.6575E-06	0.000801826442308
0.039653846153846	1.50E-04	0.00018	0.030665384615385	3.88125E-06	4.6575E-06	0.000793466826923
0.040038461538462	1.50E-04	0.00018	0.030542307692308	3.88125E-06	4.6575E-06	0.000790282211538
0.040307692307692	1.50E-04	0.00018	0.030476923076923	3.88125E-06	4.6575E-06	0.000788590384615
0.040461538461539	1.50E-04	0.00018	0.030426923076923	3.88125E-06	4.6575E-06	0.000787296634615
0.0405	1.50E-04	0.00018	0.030361538461539	3.88125E-06	4.6575E-06	0.000785604807692
0.040423076923077	1.50E-04	0.00018	0.030303846153846	3.88125E-06	4.6575E-06	0.000784112019231
0.040307692307692	1.50E-04	0.00018	0.030242307692308	3.88125E-06	4.6575E-06	0.000782519711538
0.040153846153846	1.50E-04	0.00018	0.030173076923077	3.88125E-06	4.6575E-06	0.000780728365385
0.039961538461539	1.50E-04	0.00018	0.030107692307692	3.88125E-06	4.6575E-06	0.000779036538462
0.039730769230769	1.50E-04	0.00018	0.030038461538462	3.88125E-06	4.6575E-06	0.000777245192308
0.0395	1.50E-04	0.00018	0.029965384615385	3.88125E-06	4.6575E-06	0.000775354326923
0.039230769230769	1.50E-04	0.00018	0.029896153846154	3.88125E-06	4.6575E-06	0.000773562980769
0.039	1.50E-04	0.00018	0.029826923076923	3.88125E-06	4.6575E-06	0.000771771634615
0.038769230769231	1.50E-04	0.00018	0.02975	3.88125E-06	4.6575E-06	0.00076978125
0.0385	1.50E-04	0.00018	0.029680769230769	3.88125E-06	4.6575E-06	0.000767989903846
0.038269230769231	1.50E-04	0.00018	0.029615384615385	3.88125E-06	4.6575E-06	0.000766298076923
0.038034615384615	1.50E-04	0.00018	0.02955	3.88125E-06	4.6575E-06	0.00076460625
0.0378	1.50E-04	0.00018	0.029484615384615	3.88125E-06	4.6575E-06	0.000762914423077
0.037573076923077	1.50E-04	0.00018	0.029419230769231	3.88125E-06	4.6575E-06	0.000761222596154
0.03735	1.50E-04	0.00018	0.029357692307692	3.88125E-06	4.6575E-06	0.000759630288462
0.037134615384615	1.50E-04	0.00018	0.029292307692308	3.88125E-06	4.6575E-06	0.000757938461538
0.036923076923077	1.50E-04	0.00018	0.029234615384615	3.88125E-06	4.6575E-06	0.000756445673077
0.036719230769231	1.50E-04	0.00018	0.029173076923077	3.88125E-06	4.6575E-06	0.000754853365385
0.036519230769231	1.50E-04	0.00018	0.029115384615385	3.88125E-06	4.6575E-06	0.000753360576923
0.036326923076923	1.50E-04	0.00018	0.029061538461539	3.88125E-06	4.6575E-06	0.000751967307692
0.036142307692308	1.50E-04	0.00018	0.029003846153846	3.88125E-06	4.6575E-06	0.000750474519231
0.035957692307692	1.50E-04	0.00018	0.02895	3.88125E-06	4.6575E-06	0.00074908125
0.035788461538462	1.50E-04	0.00018	0.0289	3.88125E-06	4.6575E-06	0.0007477875
0.035615384615385	1.50E-04	0.00018	0.02885	3.88125E-06	4.6575E-06	0.00074649375
0.03545	1.50E-04	0.00018	0.028796153846154	3.88125E-06	4.6575E-06	0.000745100480769
0.035292307692308	1.50E-04	0.00018	0.028746153846154	3.88125E-06	4.6575E-06	0.000743806730769
0.035134615384615	1.50E-04	0.00018	0.0287	3.88125E-06	4.6575E-06	0.0007426125
0.034984615384615	1.50E-04	0.00018	0.02865	3.88125E-06	4.6575E-06	0.00074131875
0.034838461538462	1.50E-04	0.00018	0.028603846153846	3.88125E-06	4.6575E-06	0.000740124519231
0.034696153846154	1.50E-04	0.00018	0.028557692307692	3.88125E-06	4.6575E-06	0.000738930288462
0.034557692307692	1.50E-04	0.00018	0.028511538461539	3.88125E-06	4.6575E-06	0.000737736057692
0.034423076923077	1.50E-04	0.00018	0.028469230769231	3.88125E-06	4.6575E-06	0.000736641346154
0.034296153846154	1.50E-04	0.00018	0.028426923076923	3.88125E-06	4.6575E-06	0.000735546634615
0.034169230769231	1.50E-04	0.00018	0.028380769230769	3.88125E-06	4.6575E-06	0.000734352403846
0.034046153846154	1.50E-04	0.00018	0.028342307692308	3.88125E-06	4.6575E-06	0.000733357211538
0.033926923076923	1.50E-04	0.00018	0.0283	3.88125E-06	4.6575E-06	0.0007322625
0.033811538461539	1.50E-04	0.00018	0.028257692307692	3.88125E-06	4.6575E-06	0.000731167788462
0.0337	1.50E-04	0.00018	0.028219230769231	3.88125E-06	4.6575E-06	0.000730172596154
0.033592307692308	1.50E-04	0.00018	0.028180769230769	3.88125E-06	4.6575E-06	0.000729177403846
0.033484615384615	1.50E-04	0.00018	0.028138461538462	3.88125E-06	4.6575E-06	0.000728082692308
0.033380769230769	1.50E-04	0.00018	0.028103846153846	3.88125E-06	4.6575E-06	0.000727187019231
0.033280769230769	1.50E-04	0.00018	0.028065384615385	3.88125E-06	4.6575E-06	0.000726191826923
0.033180769230769	1.50E-04	0.00018	0.028026923076923	3.88125E-06	4.6575E-06	0.000725196634615
0.033088461538462	1.50E-04	0.00018	0.027992307692308	3.88125E-06	4.6575E-06	0.000724300961538
0.032992307692308	1.50E-04	0.00018	0.027953846153846	3.88125E-06	4.6575E-06	0.000723305769231
0.032903846153846	1.50E-04	0.00018	0.027919230769231	3.88125E-06	4.6575E-06	0.000722410096154
0.032815384615385	1.50E-04	0.00018	0.027884615384615	3.88125E-06	4.6575E-06	0.000721514423077
0.032730769230769	1.50E-04	0.00018	0.02785	3.88125E-06	4.6575E-06	0.00072061875
0.032646153846154	1.50E-04	0.00018	0.027815384615385	3.88125E-06	4.6575E-06	0.000719723076923
0.032561538461539	1.50E-04	0.00018	0.027784615384615	3.88125E-06	4.6575E-06	0.000718926923077
0.032484615384615	1.50E-04	0.00018	0.02775	3.88125E-06	4.6575E-06	0.00071803125
0.032403846153846	1.50E-04	0.00018	0.027715384615385	3.88125E-06	4.6575E-06	0.000717135576923
0.032326923076923	1.50E-04	0.00018	0.027684615384615	3.88125E-06	4.6575E-06	0.000716339423077
0.032253846153846	1.50E-04	0.00018	0.027653846153846	3.88125E-06	4.6575E-06	0.000715543269231
0.032180769230769	1.50E-04	0.00018	0.027619230769231	3.88125E-06	4.6575E-06	0.000714647596154
0.032111538461539	1.50E-04	0.00018	0.027588461538462	3.88125E-06	4.6575E-06	0.000713851442308
0.032038461538462	1.50E-04	0.00018	0.027557692307692	3.88125E-06	4.6575E-06	0.000713055288462
0.031973076923077	1.50E-04	0.00018	0.027526923076923	3.88125E-06	4.6575E-06	0.000712259134615
0.031903846153846	1.50E-04	0.00018	0.027496153846154	3.88125E-06	4.6575E-06	0.000711462980769
0.031838461538462	1.50E-04	0.00018	0.027465384615385	3.88125E-06	4.6575E-06	0.000710666826923
0.031776923076923	1.50E-04	0.00018	0.027434615384615	3.88125E-06	4.6575E-06	0.000709870673077
0.031715384615385	1.50E-04	0.00018	0.027407692307692	3.88125E-06	4.6575E-06	0.000709174038462
0.031653846153846	1.50E-04	0.00018	0.027376923076923	3.88125E-06	4.6575E-06	0.000708377884615
0.031592307692308	1.50E-04	0.00018	0.027346153846154	3.88125E-06	4.6575E-06	0.000707581730769
0.031534615384615	1.50E-04	0.00018	0.027319230769231	3.88125E-06	4.6575E-06	0.000706885096154
0.031476923076923	1.50E-04	0.00018	0.027288461538462	3.88125E-06	4.6575E-06	0.000706088942308
0.031419230769231	1.50E-04	0.00018	0.027261538461539	3.88125E-06	4.6575E-06	0.000705392307692
0.031365384615385	1.50E-04	0.00018	0.027234615384615	3.88125E-06	4.6575E-06	0.000704695673077
0.031307692307692	1.50E-04	0.00018	0.027203846153846	3.88125E-06	4.6575E-06	0.000703899519231
0.031253846153846	1.50E-04	0.00018	0.027176923076923	3.88125E-06	4.6575E-06	0.000703202884615
0.031203846153846	1.50E-04	0.00018	0.02715	3.88125E-06	4.6575E-06	0.00070250625
0.03115	1.50E-04	0.00018	0.027123076923077	3.88125E-06	4.6575E-06	0.000701809615385
0.0311	1.50E-04	0.00018	0.027096153846154	3.88125E-06	4.6575E-06	0.000701112980769
0.03105	1.50E-04	0.00018	0.027069230769231	3.88125E-06	4.6575E-06	0.000700416346154
0.031	1.50E-04	0.00018	0.027042307692308	3.88125E-06	4.6575E-06	0.000699719711538
0.030953846153846	1.50E-04	0.00018	0.027015384615385	3.88125E-06	4.6575E-06	0.000699023076923
0.030903846153846	1.50E-04	0.00018	0.026988461538462	3.88125E-06	4.6575E-06	0.000698326442308
0.030857692307692	1.50E-04	0.00018	0.026965384615385	3.88125E-06	4.6575E-06	0.000697729326923
0.030811538461539	1.50E-04	0.00018	0.026938461538462	3.88125E-06	4.6575E-06	0.000697032692308
0.030765384615385	1.50E-04	0.00018	0.026911538461539	3.88125E-06	4.6575E-06	0.000696336057692
0.030723076923077	1.50E-04	0.00018	0.026888461538462	3.88125E-06	4.6575E-06	0.000695738942308
0.030680769230769	1.50E-04	0.00018	0.026861538461539	3.88125E-06	4.6575E-06	0.000695042307692
0.030634615384615	1.50E-04	0.00018	0.026838461538462	3.88125E-06	4.6575E-06	0.000694445192308
0.030592307692308	1.50E-04	0.00018	0.026811538461539	3.88125E-06	4.6575E-06	0.000693748557692
0.03055	1.50E-04	0.00018	0.026788461538462	3.88125E-06	4.6575E-06	0.000693151442308
0.030503846153846	1.50E-04	0.00018	0.026765384615385	3.88125E-06	4.6575E-06	0.000692554326923
0.030465384615385	1.50E-04	0.00018	0.026738461538462	3.88125E-06	4.6575E-06	0.000691857692308
0.030423076923077	1.50E-04	0.00018	0.026715384615385	3.88125E-06	4.6575E-06	0.000691260576923
0.030384615384615	1.50E-04	0.00018	0.026692307692308	3.88125E-06	4.6575E-06	0.000690663461538
0.030346153846154	1.50E-04	0.00018	0.026665384615385	3.88125E-06	4.6575E-06	0.000689966826923
0.030307692307692	1.50E-04	0.00018	0.026642307692308	3.88125E-06	4.6575E-06	0.000689369711538
0.030269230769231	1.50E-04	0.00018	0.026619230769231	3.88125E-06	4.6575E-06	0.000688772596154
0.030230769230769	1.50E-04	0.00018	0.026596153846154	3.88125E-06	4.6575E-06	0.000688175480769
0.030196153846154	1.50E-04	0.00018	0.026573076923077	3.88125E-06	4.6575E-06	0.000687578365385
0.030157692307692	1.50E-04	0.00018	0.02655	3.88125E-06	4.6575E-06	0.00068698125
0.030123076923077	1.50E-04	0.00018	0.026526923076923	3.88125E-06	4.6575E-06	0.000686384134615
0.030088461538462	1.50E-04	0.00018	0.026503846153846	3.88125E-06	4.6575E-06	0.000685787019231
0.030053846153846	1.50E-04	0.00018	0.026480769230769	3.88125E-06	4.6575E-06	0.000685189903846
0.030019230769231	1.50E-04	0.00018	0.026457692307692	3.88125E-06	4.6575E-06	0.000684592788462
0.029984615384615	1.50E-04	0.00018	0.026434615384615	3.88125E-06	4.6575E-06	0.000683995673077
0.02995	1.50E-04	0.00018	0.026415384615385	3.88125E-06	4.6575E-06	0.000683498076923
0.029915384615385	1.50E-04	0.00018	0.026392307692308	3.88125E-06	4.6575E-06	0.000682900961538
0.029884615384615	1.50E-04	0.00018	0.026369230769231	3.88125E-06	4.6575E-06	0.000682303846154
0.02985	1.50E-04	0.00018	0.02635	3.88125E-06	4.6575E-06	0.00068180625
0.029819230769231	1.50E-04	0.00018	0.026326923076923	3.88125E-06	4.6575E-06	0.000681209134615
0.029788461538462	1.50E-04	0.00018	0.026303846153846	3.88125E-06	4.6575E-06	0.000680612019231
0.029757692307692	1.50E-04	0.00018	0.026284615384615	3.88125E-06	4.6575E-06	0.000680114423077
0.029726923076923	1.50E-04	0.00018	0.026261538461539	3.88125E-06	4.6575E-06	0.000679517307692
0.029696153846154	1.50E-04	0.00018	0.026242307692308	3.88125E-06	4.6575E-06	0.000679019711538
0.029665384615385	1.50E-04	0.00018	0.026219230769231	3.88125E-06	4.6575E-06	0.000678422596154
0.029634615384615	1.50E-04	0.00018	0.0262	3.88125E-06	4.6575E-06	0.000677925
0.029603846153846	1.50E-04	0.00018	0.026180769230769	3.88125E-06	4.6575E-06	0.000677427403846
0.029576923076923	1.50E-04	0.00018	0.026157692307692	3.88125E-06	4.6575E-06	0.000676830288462
0.029546153846154	1.50E-04	0.00018	0.026138461538462	3.88125E-06	4.6575E-06	0.000676332692308
0.029519230769231	1.50E-04	0.00018	0.026123076923077	3.88125E-06	4.6575E-06	0.000675934615385
0.029492307692308	1.50E-04	0.00018	0.026103846153846	3.88125E-06	4.6575E-06	0.000675437019231
0.029465384615385	1.50E-04	0.00018	0.026084615384615	3.88125E-06	4.6575E-06	0.000674939423077
0.029434615384615	1.50E-04	0.00018	0.026061538461539	3.88125E-06	4.6575E-06	0.000674342307692
0.029407692307692	1.50E-04	0.00018	0.026042307692308	3.88125E-06	4.6575E-06	0.000673844711538
0.029380769230769	1.50E-04	0.00018	0.026023076923077	3.88125E-06	4.6575E-06	0.000673347115385
0.029353846153846	1.50E-04	0.00018	0.026003846153846	3.88125E-06	4.6575E-06	0.000672849519231
0.029326923076923	1.50E-04	0.00018	0.025984615384615	3.88125E-06	4.6575E-06	0.000672351923077
0.0293	1.50E-04	0.00018	0.025965384615385	3.88125E-06	4.6575E-06	0.000671854326923
0.029273076923077	1.50E-04	0.00018	0.025946153846154	3.88125E-06	4.6575E-06	0.000671356730769
0.029246153846154	1.50E-04	0.00018	0.025926923076923	3.88125E-06	4.6575E-06	0.000670859134615
0.029223076923077	1.50E-04	0.00018	0.025907692307692	3.88125E-06	4.6575E-06	0.000670361538462
0.029196153846154	1.50E-04	0.00018	0.025892307692308	3.88125E-06	4.6575E-06	0.000669963461538
0.029173076923077	1.50E-04	0.00018	0.025873076923077	3.88125E-06	4.6575E-06	0.000669465865385
0.029146153846154	1.50E-04	0.00018	0.025853846153846	3.88125E-06	4.6575E-06	0.000668968269231
0.029119230769231	1.50E-04	0.00018	0.025834615384615	3.88125E-06	4.6575E-06	0.000668470673077
0.029096153846154	1.50E-04	0.00018	0.025819230769231	3.88125E-06	4.6575E-06	0.000668072596154
0.029073076923077	1.50E-04	0.00018	0.0258	3.88125E-06	4.6575E-06	0.000667575
0.029046153846154	1.50E-04	0.00018	0.025780769230769	3.88125E-06	4.6575E-06	0.000667077403846
0.029023076923077	1.50E-04	0.00018	0.025765384615385	3.88125E-06	4.6575E-06	0.000666679326923
0.029	1.50E-04	0.00018	0.025746153846154	3.88125E-06	4.6575E-06	0.000666181730769
0.028976923076923	1.50E-04	0.00018	0.025730769230769	3.88125E-06	4.6575E-06	0.000665783653846
0.028953846153846	1.50E-04	0.00018	0.025711538461539	3.88125E-06	4.6575E-06	0.000665286057692
0.028930769230769	1.50E-04	0.00018	0.025696153846154	3.88125E-06	4.6575E-06	0.000664887980769
0.028907692307692	1.50E-04	0.00018	0.025676923076923	3.88125E-06	4.6575E-06	0.000664390384615
0.028884615384615	1.50E-04	0.00018	0.025661538461539	3.88125E-06	4.6575E-06	0.000663992307692
0.028861538461539	1.50E-04	0.00018	0.025642307692308	3.88125E-06	4.6575E-06	0.000663494711538
0.028838461538462	1.50E-04	0.00018	0.025626923076923	3.88125E-06	4.6575E-06	0.000663096634615
0.028815384615385	1.50E-04	0.00018	0.025611538461539	3.88125E-06	4.6575E-06	0.000662698557692
0.028792307692308	1.50E-04	0.00018	0.025596153846154	3.88125E-06	4.6575E-06	0.000662300480769
0.028773076923077	1.50E-04	0.00018	0.025576923076923	3.88125E-06	4.6575E-06	0.000661802884615
0.02875	1.50E-04	0.00018	0.025561538461539	3.88125E-06	4.6575E-06	0.000661404807692
0.028730769230769	1.50E-04	0.00018	0.02555	3.88125E-06	4.6575E-06	0.00066110625
0.028711538461539	1.50E-04	0.00018	0.025530769230769	3.88125E-06	4.6575E-06	0.000660608653846
0.028688461538462	1.50E-04	0.00018	0.025515384615385	3.88125E-06	4.6575E-06	0.000660210576923
0.028669230769231	1.50E-04	0.00018	0.0255	3.88125E-06	4.6575E-06	0.0006598125
0.028646153846154	1.50E-04	0.00018	0.025484615384615	3.88125E-06	4.6575E-06	0.000659414423077
0.028626923076923	1.50E-04	0.00018	0.025469230769231	3.88125E-06	4.6575E-06	0.000659016346154
0.028603846153846	1.50E-04	0.00018	0.025453846153846	3.88125E-06	4.6575E-06	0.000658618269231
0.028584615384615	1.50E-04	0.00018	0.025438461538462	3.88125E-06	4.6575E-06	0.000658220192308
0.028565384615385	1.50E-04	0.00018	0.025423076923077	3.88125E-06	4.6575E-06	0.000657822115385
0.028542307692308	1.50E-04	0.00018	0.025407692307692	3.88125E-06	4.6575E-06	0.000657424038462
0.028523076923077	1.50E-04	0.00018	0.025392307692308	3.88125E-06	4.6575E-06	0.000657025961538
0.028503846153846	1.50E-04	0.00018	0.025376923076923	3.88125E-06	4.6575E-06	0.000656627884615
0.028484615384615	1.50E-04	0.00018	0.025361538461539	3.88125E-06	4.6575E-06	0.000656229807692
0.028461538461539	1.50E-04	0.00018	0.02535	3.88125E-06	4.6575E-06	0.00065593125
0.028442307692308	1.50E-04	0.00018	0.025334615384615	3.88125E-06	4.6575E-06	0.000655533173077
0.028423076923077	1.50E-04	0.00018	0.025319230769231	3.88125E-06	4.6575E-06	0.000655135096154
0.028403846153846	1.50E-04	0.00018	0.025303846153846	3.88125E-06	4.6575E-06	0.000654737019231
0.028384615384615	1.50E-04	0.00018	0.025288461538462	3.88125E-06	4.6575E-06	0.000654338942308
0.028365384615385	1.50E-04	0.00018	0.025276923076923	3.88125E-06	4.6575E-06	0.000654040384615
0.028346153846154	1.50E-04	0.00018	0.025261538461539	3.88125E-06	4.6575E-06	0.000653642307692
0.028326923076923	1.50E-04	0.00018	0.025246153846154	3.88125E-06	4.6575E-06	0.000653244230769
0.028307692307692	1.50E-04	0.00018	0.025234615384615	3.88125E-06	4.6575E-06	0.000652945673077
0.028292307692308	1.50E-04	0.00018	0.025219230769231	3.88125E-06	4.6575E-06	0.000652547596154
0.028273076923077	1.50E-04	0.00018	0.025207692307692	3.88125E-06	4.6575E-06	0.000652249038462
0.028253846153846	1.50E-04	0.00018	0.025192307692308	3.88125E-06	4.6575E-06	0.000651850961538
0.028234615384615	1.50E-04	0.00018	0.025180769230769	3.88125E-06	4.6575E-06	0.000651552403846
0.028215384615385	1.50E-04	0.00018	0.025165384615385	3.88125E-06	4.6575E-06	0.000651154326923
0.0282	1.50E-04	0.00018	0.025153846153846	3.88125E-06	4.6575E-06	0.000650855769231
0.028180769230769	1.50E-04	0.00018	0.025138461538462	3.88125E-06	4.6575E-06	0.000650457692308
0.028161538461539	1.50E-04	0.00018	0.025126923076923	3.88125E-06	4.6575E-06	0.000650159134615
0.028146153846154	1.50E-04	0.00018	0.025111538461539	3.88125E-06	4.6575E-06	0.000649761057692
0.028126923076923	1.50E-04	0.00018	0.0251	3.88125E-06	4.6575E-06	0.0006494625
0.028111538461539	1.50E-04	0.00018	0.025088461538462	3.88125E-06	4.6575E-06	0.000649163942308
0.028092307692308	1.50E-04	0.00018	0.025073076923077	3.88125E-06	4.6575E-06	0.000648765865385
0.028073076923077	1.50E-04	0.00018	0.025061538461539	3.88125E-06	4.6575E-06	0.000648467307692
0.028057692307692	1.50E-04	0.00018	0.02505	3.88125E-06	4.6575E-06	0.00064816875
0.028034615384615	1.50E-04	0.00018	0.025030769230769	3.88125E-06	4.6575E-06	0.000647671153846
0.028015384615385	1.50E-04	0.00018	0.025019230769231	3.88125E-06	4.6575E-06	0.000647372596154
0.028	1.50E-04	0.00018	0.025007692307692	3.88125E-06	4.6575E-06	0.000647074038462
0.027980769230769	1.50E-04	0.00018	0.024996153846154	3.88125E-06	4.6575E-06	0.000646775480769
0.027965384615385	1.50E-04	0.00018	0.024984615384615	3.88125E-06	4.6575E-06	0.000646476923077
0.02795	1.50E-04	0.00018	0.024973076923077	3.88125E-06	4.6575E-06	0.000646178365385
0.027930769230769	1.50E-04	0.00018	0.024957692307692	3.88125E-06	4.6575E-06	0.000645780288462
0.027915384615385	1.50E-04	0.00018	0.024946153846154	3.88125E-06	4.6575E-06	0.000645481730769
0.0279	1.50E-04	0.00018	0.024934615384615	3.88125E-06	4.6575E-06	0.000645183173077
0.027884615384615	1.50E-04	0.00018	0.024923076923077	3.88125E-06	4.6575E-06	0.000644884615385
0.027865384615385	1.50E-04	0.00018	0.024911538461539	3.88125E-06	4.6575E-06	0.000644586057692
0.02785	1.50E-04	0.00018	0.0249	3.88125E-06	4.6575E-06	0.0006442875
0.027834615384615	1.50E-04	0.00018	0.024888461538462	3.88125E-06	4.6575E-06	0.000643988942308
0.027819230769231	1.50E-04	0.00018	0.024876923076923	3.88125E-06	4.6575E-06	0.000643690384615
0.027803846153846	1.50E-04	0.00018	0.024865384615385	3.88125E-06	4.6575E-06	0.000643391826923
0.027788461538462	1.50E-04	0.00018	0.024853846153846	3.88125E-06	4.6575E-06	0.000643093269231
0.027769230769231	1.50E-04	0.00018	0.024842307692308	3.88125E-06	4.6575E-06	0.000642794711538
0.027753846153846	1.50E-04	0.00018	0.024834615384615	3.88125E-06	4.6575E-06	0.000642595673077
0.027738461538462	1.50E-04	0.00018	0.024823076923077	3.88125E-06	4.6575E-06	0.000642297115385
0.027723076923077	1.50E-04	0.00018	0.024811538461539	3.88125E-06	4.6575E-06	0.000641998557692
0.027707692307692	1.50E-04	0.00018	0.0248	3.88125E-06	4.6575E-06	0.0006417
0.027692307692308	1.50E-04	0.00018	0.024788461538462	3.88125E-06	4.6575E-06	0.000641401442308
0.027676923076923	1.50E-04	0.00018	0.024776923076923	3.88125E-06	4.6575E-06	0.000641102884615
0.027661538461539	1.50E-04	0.00018	0.024769230769231	3.88125E-06	4.6575E-06	0.000640903846154
0.027646153846154	1.50E-04	0.00018	0.024757692307692	3.88125E-06	4.6575E-06	0.000640605288462
0.027630769230769	1.50E-04	0.00018	0.024746153846154	3.88125E-06	4.6575E-06	0.000640306730769
0.027615384615385	1.50E-04	0.00018	0.024738461538462	3.88125E-06	4.6575E-06	0.000640107692308
0.027603846153846	1.50E-04	0.00018	0.024726923076923	3.88125E-06	4.6575E-06	0.000639809134615
0.027588461538462	1.50E-04	0.00018	0.024715384615385	3.88125E-06	4.6575E-06	0.000639510576923
0.027573076923077	1.50E-04	0.00018	0.024707692307692	3.88125E-06	4.6575E-06	0.000639311538462
0.027557692307692	1.50E-04	0.00018	0.024696153846154	3.88125E-06	4.6575E-06	0.000639012980769
0.027542307692308	1.50E-04	0.00018	0.024684615384615	3.88125E-06	4.6575E-06	0.000638714423077
0.027526923076923	1.50E-04	0.00018	0.024676923076923	3.88125E-06	4.6575E-06	0.000638515384615
0.027515384615385	1.50E-04	0.00018	0.024665384615385	3.88125E-06	4.6575E-06	0.000638216826923
0.0275	1.50E-04	0.00018	0.024657692307692	3.88125E-06	4.6575E-06	0.000638017788462
0.027484615384615	1.50E-04	0.00018	0.024646153846154	3.88125E-06	4.6575E-06	0.000637719230769
0.027469230769231	1.50E-04	0.00018	0.024638461538462	3.88125E-06	4.6575E-06	0.000637520192308
0.027457692307692	1.50E-04	0.00018	0.024626923076923	3.88125E-06	4.6575E-06	0.000637221634615
0.027442307692308	1.50E-04	0.00018	0.024619230769231	3.88125E-06	4.6575E-06	0.000637022596154
0.027426923076923	1.50E-04	0.00018	0.024607692307692	3.88125E-06	4.6575E-06	0.000636724038462
0.027419230769231	1.50E-04	0.00018	0.024603846153846	3.88125E-06	4.6575E-06	0.000636624519231
0.027403846153846	1.50E-04	0.00018	0.024592307692308	3.88125E-06	4.6575E-06	0.000636325961538
0.027392307692308	1.50E-04	0.00018	0.024584615384615	3.88125E-06	4.6575E-06	0.000636126923077
0.027376923076923	1.50E-04	0.00018	0.024576923076923	3.88125E-06	4.6575E-06	0.000635927884615
0.027365384615385	1.50E-04	0.00018	0.024565384615385	3.88125E-06	4.6575E-06	0.000635629326923
0.02735	1.50E-04	0.00018	0.024557692307692	3.88125E-06	4.6575E-06	0.000635430288462
0.027334615384615	1.50E-04	0.00018	0.02455	3.88125E-06	4.6575E-06	0.00063523125
0.027323076923077	1.50E-04	0.00018	0.024538461538462	3.88125E-06	4.6575E-06	0.000634932692308
0.027307692307692	1.50E-04	0.00018	0.024530769230769	3.88125E-06	4.6575E-06	0.000634733653846
0.027296153846154	1.50E-04	0.00018	0.024523076923077	3.88125E-06	4.6575E-06	0.000634534615385
0.027280769230769	1.50E-04	0.00018	0.024511538461539	3.88125E-06	4.6575E-06	0.000634236057692
0.027269230769231	1.50E-04	0.00018	0.024503846153846	3.88125E-06	4.6575E-06	0.000634037019231
0.027253846153846	1.50E-04	0.00018	0.024496153846154	3.88125E-06	4.6575E-06	0.000633837980769
0.027242307692308	1.50E-04	0.00018	0.024488461538462	3.88125E-06	4.6575E-06	0.000633638942308
0.027226923076923	1.50E-04	0.00018	0.024476923076923	3.88125E-06	4.6575E-06	0.000633340384615
0.027215384615385	1.50E-04	0.00018	0.024469230769231	3.88125E-06	4.6575E-06	0.000633141346154
0.0272	1.50E-04	0.00018	0.024461538461539	3.88125E-06	4.6575E-06	0.000632942307692
0.027188461538462	1.50E-04	0.00018	0.024453846153846	3.88125E-06	4.6575E-06	0.000632743269231
0.027176923076923	1.50E-04	0.00018	0.024446153846154	3.88125E-06	4.6575E-06	0.000632544230769
0.027161538461539	1.50E-04	0.00018	0.024438461538462	3.88125E-06	4.6575E-06	0.000632345192308
0.02715	1.50E-04	0.00018	0.024430769230769	3.88125E-06	4.6575E-06	0.000632146153846
0.027134615384615	1.50E-04	0.00018	0.024419230769231	3.88125E-06	4.6575E-06	0.000631847596154
0.027123076923077	1.50E-04	0.00018	0.024411538461539	3.88125E-06	4.6575E-06	0.000631648557692
0.027111538461539	1.50E-04	0.00018	0.024403846153846	3.88125E-06	4.6575E-06	0.000631449519231
0.027096153846154	1.50E-04	0.00018	0.024396153846154	3.88125E-06	4.6575E-06	0.000631250480769
0.027084615384615	1.50E-04	0.00018	0.024388461538462	3.88125E-06	4.6575E-06	0.000631051442308
0.027073076923077	1.50E-04	0.00018	0.024380769230769	3.88125E-06	4.6575E-06	0.000630852403846
0.027061538461539	1.50E-04	0.00018	0.024373076923077	3.88125E-06	4.6575E-06	0.000630653365385
0.027046153846154	1.50E-04	0.00018	0.024365384615385	3.88125E-06	4.6575E-06	0.000630454326923
0.027034615384615	1.50E-04	0.00018	0.024357692307692	3.88125E-06	4.6575E-06	0.000630255288462
0.027023076923077	1.50E-04	0.00018	0.02435	3.88125E-06	4.6575E-06	0.00063005625
0.027007692307692	1.50E-04	0.00018	0.024342307692308	3.88125E-06	4.6575E-06	0.000629857211538
0.026996153846154	1.50E-04	0.00018	0.024334615384615	3.88125E-06	4.6575E-06	0.000629658173077
0.026984615384615	1.50E-04	0.00018	0.024326923076923	3.88125E-06	4.6575E-06	0.000629459134615
0.026973076923077	1.50E-04	0.00018	0.024323076923077	3.88125E-06	4.6575E-06	0.000629359615385
0.026961538461539	1.50E-04	0.00018	0.024315384615385	3.88125E-06	4.6575E-06	0.000629160576923
0.026946153846154	1.50E-04	0.00018	0.024307692307692	3.88125E-06	4.6575E-06	0.000628961538462
0.026934615384615	1.50E-04	0.00018	0.0243	3.88125E-06	4.6575E-06	0.0006287625
0.026923076923077	1.50E-04	0.00018	0.024292307692308	3.88125E-06	4.6575E-06	0.000628563461538
0.026911538461539	1.50E-04	0.00018	0.024284615384615	3.88125E-06	4.6575E-06	0.000628364423077
0.0269	1.50E-04	0.00018	0.024276923076923	3.88125E-06	4.6575E-06	0.000628165384615
0.026888461538462	1.50E-04	0.00018	0.024273076923077	3.88125E-06	4.6575E-06	0.000628065865385
0.026876923076923	1.50E-04	0.00018	0.024265384615385	3.88125E-06	4.6575E-06	0.000627866826923
0.026865384615385	1.50E-04	0.00018	0.024257692307692	3.88125E-06	4.6575E-06	0.000627667788462
0.02685	1.50E-04	0.00018	0.02425	3.88125E-06	4.6575E-06	0.00062746875
0.026842307692308	1.50E-04	0.00018	0.02425	3.88125E-06	4.6575E-06	0.00062746875
0.026830769230769	1.50E-04	0.00018	0.024246153846154	3.88125E-06	4.6575E-06	0.000627369230769
0.026819230769231	1.50E-04	0.00018	0.024238461538462	3.88125E-06	4.6575E-06	0.000627170192308
0.026807692307692	1.50E-04	0.00018	0.024230769230769	3.88125E-06	4.6575E-06	0.000626971153846
0.026796153846154	1.50E-04	0.00018	0.024226923076923	3.88125E-06	4.6575E-06	0.000626871634615
0.026784615384615	1.50E-04	0.00018	0.024219230769231	3.88125E-06	4.6575E-06	0.000626672596154
0.026773076923077	1.50E-04	0.00018	0.024211538461539	3.88125E-06	4.6575E-06	0.000626473557692
0.026761538461539	1.50E-04	0.00018	0.024203846153846	3.88125E-06	4.6575E-06	0.000626274519231
0.02675	1.50E-04	0.00018	0.0242	3.88125E-06	4.6575E-06	0.000626175
0.026738461538462	1.50E-04	0.00018	0.024192307692308	3.88125E-06	4.6575E-06	0.000625975961538
0.026726923076923	1.50E-04	0.00018	0.024188461538462	3.88125E-06	4.6575E-06	0.000625876442308
0.026715384615385	1.50E-04	0.00018	0.024180769230769	3.88125E-06	4.6575E-06	0.000625677403846
0.026703846153846	1.50E-04	0.00018	0.024173076923077	3.88125E-06	4.6575E-06	0.000625478365385
0.026692307692308	1.50E-04	0.00018	0.024169230769231	3.88125E-06	4.6575E-06	0.000625378846154
0.026680769230769	1.50E-04	0.00018	0.024161538461539	3.88125E-06	4.6575E-06	0.000625179807692
0.026669230769231	1.50E-04	0.00018	0.024157692307692	3.88125E-06	4.6575E-06	0.000625080288462
0.026657692307692	1.50E-04	0.00018	0.02415	3.88125E-06	4.6575E-06	0.00062488125
0.026646153846154	1.50E-04	0.00018	0.024142307692308	3.88125E-06	4.6575E-06	0.000624682211538
0.026634615384615	1.50E-04	0.00018	0.024138461538462	3.88125E-06	4.6575E-06	0.000624582692308
0.026626923076923	1.50E-04	0.00018	0.024130769230769	3.88125E-06	4.6575E-06	0.000624383653846
0.026615384615385	1.50E-04	0.00018	0.024126923076923	3.88125E-06	4.6575E-06	0.000624284134615
0.026603846153846	1.50E-04	0.00018	0.024119230769231	3.88125E-06	4.6575E-06	0.000624085096154
0.026592307692308	1.50E-04	0.00018	0.024115384615385	3.88125E-06	4.6575E-06	0.000623985576923
0.026580769230769	1.50E-04	0.00018	0.024107692307692	3.88125E-06	4.6575E-06	0.000623786538462
0.026569230769231	1.50E-04	0.00018	0.024103846153846	3.88125E-06	4.6575E-06	0.000623687019231
0.026557692307692	1.50E-04	0.00018	0.024096153846154	3.88125E-06	4.6575E-06	0.000623487980769
0.02655	1.50E-04	0.00018	0.024092307692308	3.88125E-06	4.6575E-06	0.000623388461538
0.026538461538462	1.50E-04	0.00018	0.024088461538462	3.88125E-06	4.6575E-06	0.000623288942308
0.026526923076923	1.50E-04	0.00018	0.024080769230769	3.88125E-06	4.6575E-06	0.000623089903846
0.026515384615385	1.50E-04	0.00018	0.024076923076923	3.88125E-06	4.6575E-06	0.000622990384615
0.026503846153846	1.50E-04	0.00018	0.024069230769231	3.88125E-06	4.6575E-06	0.000622791346154
0.026496153846154	1.50E-04	0.00018	0.024065384615385	3.88125E-06	4.6575E-06	0.000622691826923
0.026484615384615	1.50E-04	0.00018	0.024061538461539	3.88125E-06	4.6575E-06	0.000622592307692
0.026473076923077	1.50E-04	0.00018	0.024053846153846	3.88125E-06	4.6575E-06	0.000622393269231
0.026461538461539	1.50E-04	0.00018	0.02405	3.88125E-06	4.6575E-06	0.00062229375
0.026453846153846	1.50E-04	0.00018	0.024046153846154	3.88125E-06	4.6575E-06	0.000622194230769
0.026442307692308	1.50E-04	0.00018	0.024038461538462	3.88125E-06	4.6575E-06	0.000621995192308
0.026430769230769	1.50E-04	0.00018	0.024034615384615	3.88125E-06	4.6575E-06	0.000621895673077
0.026423076923077	1.50E-04	0.00018	0.024030769230769	3.88125E-06	4.6575E-06	0.000621796153846
0.026411538461539	1.50E-04	0.00018	0.024023076923077	3.88125E-06	4.6575E-06	0.000621597115385
0.0264	1.50E-04	0.00018	0.024019230769231	3.88125E-06	4.6575E-06	0.000621497596154
0.026388461538462	1.50E-04	0.00018	0.024015384615385	3.88125E-06	4.6575E-06	0.000621398076923
0.026380769230769	1.50E-04	0.00018	0.024011538461539	3.88125E-06	4.6575E-06	0.000621298557692
0.026369230769231	1.50E-04	0.00018	0.024003846153846	3.88125E-06	4.6575E-06	0.000621099519231
0.026357692307692	1.50E-04	0.00018	0.024	3.88125E-06	4.6575E-06	0.000621
0.02635	1.50E-04	0.00018	0.023996153846154	3.88125E-06	4.6575E-06	0.000620900480769
0.026338461538462	1.50E-04	0.00018	0.023992307692308	3.88125E-06	4.6575E-06	0.000620800961538
0.026330769230769	1.50E-04	0.00018	0.023984615384615	3.88125E-06	4.6575E-06	0.000620601923077
0.026319230769231	1.50E-04	0.00018	0.023980769230769	3.88125E-06	4.6575E-06	0.000620502403846
0.026307692307692	1.50E-04	0.00018	0.023976923076923	3.88125E-06	4.6575E-06	0.000620402884615
0.0263	1.50E-04	0.00018	0.023973076923077	3.88125E-06	4.6575E-06	0.000620303365385
0.026288461538462	1.50E-04	0.00018	0.023961538461539	3.88125E-06	4.6575E-06	0.000620004807692
0.026280769230769	1.50E-04	0.00018	0.023957692307692	3.88125E-06	4.6575E-06	0.000619905288462
0.026269230769231	1.50E-04	0.00018	0.023953846153846	3.88125E-06	4.6575E-06	0.000619805769231
0.026261538461539	1.50E-04	0.00018	0.02395	3.88125E-06	4.6575E-06	0.00061970625
0.02625	1.50E-04	0.00018	0.023946153846154	3.88125E-06	4.6575E-06	0.000619606730769
0.026242307692308	1.50E-04	0.00018	0.023942307692308	3.88125E-06	4.6575E-06	0.000619507211538
0.026230769230769	1.50E-04	0.00018	0.023938461538462	3.88125E-06	4.6575E-06	0.000619407692308
0.026223076923077	1.50E-04	0.00018	0.023930769230769	3.88125E-06	4.6575E-06	0.000619208653846
0.026211538461539	1.50E-04	0.00018	0.023926923076923	3.88125E-06	4.6575E-06	0.000619109134615
0.0262	1.50E-04	0.00018	0.023923076923077	3.88125E-06	4.6575E-06	0.000619009615385
0.026192307692308	1.50E-04	0.00018	0.023919230769231	3.88125E-06	4.6575E-06	0.000618910096154
0.026180769230769	1.50E-04	0.00018	0.023915384615385	3.88125E-06	4.6575E-06	0.000618810576923
0.026173076923077	1.50E-04	0.00018	0.023911538461539	3.88125E-06	4.6575E-06	0.000618711057692
0.026161538461539	1.50E-04	0.00018	0.023907692307692	3.88125E-06	4.6575E-06	0.000618611538462
0.026153846153846	1.50E-04	0.00018	0.023903846153846	3.88125E-06	4.6575E-06	0.000618512019231
0.026142307692308	1.50E-04	0.00018	0.0239	3.88125E-06	4.6575E-06	0.0006184125
0.026134615384615	1.50E-04	0.00018	0.023896153846154	3.88125E-06	4.6575E-06	0.000618312980769
0.026123076923077	1.50E-04	0.00018	0.023892307692308	3.88125E-06	4.6575E-06	0.000618213461538
0.026115384615385	1.50E-04	0.00018	0.023888461538462	3.88125E-06	4.6575E-06	0.000618113942308
0.026107692307692	1.50E-04	0.00018	0.023884615384615	3.88125E-06	4.6575E-06	0.000618014423077
0.026096153846154	1.50E-04	0.00018	0.023880769230769	3.88125E-06	4.6575E-06	0.000617914903846
0.026088461538462	1.50E-04	0.00018	0.023876923076923	3.88125E-06	4.6575E-06	0.000617815384615
0.026076923076923	1.50E-04	0.00018	0.023873076923077	3.88125E-06	4.6575E-06	0.000617715865385
0.026069230769231	1.50E-04	0.00018	0.023869230769231	3.88125E-06	4.6575E-06	0.000617616346154
0.026057692307692	1.50E-04	0.00018	0.023865384615385	3.88125E-06	4.6575E-06	0.000617516826923
0.02605	1.50E-04	0.00018	0.023861538461539	3.88125E-06	4.6575E-06	0.000617417307692
0.026042307692308	1.50E-04	0.00018	0.023861538461539	3.88125E-06	4.6575E-06	0.000617417307692
0.026030769230769	1.50E-04	0.00018	0.023857692307692	3.88125E-06	4.6575E-06	0.000617317788462
0.026023076923077	1.50E-04	0.00018	0.023853846153846	3.88125E-06	4.6575E-06	0.000617218269231
0.026011538461539	1.50E-04	0.00018	0.02385	3.88125E-06	4.6575E-06	0.00061711875
0.026003846153846	1.50E-04	0.00018	0.023846153846154	3.88125E-06	4.6575E-06	0.000617019230769
0.025996153846154	1.50E-04	0.00018	0.023842307692308	3.88125E-06	4.6575E-06	0.000616919711538
0.025984615384615	1.50E-04	0.00018	0.023838461538462	3.88125E-06	4.6575E-06	0.000616820192308
0.025976923076923	1.50E-04	0.00018	0.023834615384615	3.88125E-06	4.6575E-06	0.000616720673077
0.025969230769231	1.50E-04	0.00018	0.023834615384615	3.88125E-06	4.6575E-06	0.000616720673077
0.025957692307692	1.50E-04	0.00018	0.023830769230769	3.88125E-06	4.6575E-06	0.000616621153846
0.02595	1.50E-04	0.00018	0.023826923076923	3.88125E-06	4.6575E-06	0.000616521634615
0.025938461538462	1.50E-04	0.00018	0.023823076923077	3.88125E-06	4.6575E-06	0.000616422115385
0.025930769230769	1.50E-04	0.00018	0.023819230769231	3.88125E-06	4.6575E-06	0.000616322596154
0.025923076923077	1.50E-04	0.00018	0.023819230769231	3.88125E-06	4.6575E-06	0.000616322596154
0.025915384615385	1.50E-04	0.00018	0.023815384615385	3.88125E-06	4.6575E-06	0.000616223076923
0.025903846153846	1.50E-04	0.00018	0.023811538461539	3.88125E-06	4.6575E-06	0.000616123557692
0.025896153846154	1.50E-04	0.00018	0.023807692307692	3.88125E-06	4.6575E-06	0.000616024038462
0.025888461538462	1.50E-04	0.00018	0.023807692307692	3.88125E-06	4.6575E-06	0.000616024038462
0.025876923076923	1.50E-04	0.00018	0.023803846153846	3.88125E-06	4.6575E-06	0.000615924519231
0.025869230769231	1.50E-04	0.00018	0.0238	3.88125E-06	4.6575E-06	0.000615825
0.025861538461539	1.50E-04	0.00018	0.023796153846154	3.88125E-06	4.6575E-06	0.000615725480769
0.025853846153846	1.50E-04	0.00018	0.023796153846154	3.88125E-06	4.6575E-06	0.000615725480769
0.025842307692308	1.50E-04	0.00018	0.023792307692308	3.88125E-06	4.6575E-06	0.000615625961538
0.025834615384615	1.50E-04	0.00018	0.023788461538462	3.88125E-06	4.6575E-06	0.000615526442308
0.025826923076923	1.50E-04	0.00018	0.023784615384615	3.88125E-06	4.6575E-06	0.000615426923077
0.025815384615385	1.50E-04	0.00018	0.023784615384615	3.88125E-06	4.6575E-06	0.000615426923077
0.025807692307692	1.50E-04	0.00018	0.023780769230769	3.88125E-06	4.6575E-06	0.000615327403846
0.0258	1.50E-04	0.00018	0.023776923076923	3.88125E-06	4.6575E-06	0.000615227884615
0.025792307692308	1.50E-04	0.00018	0.023776923076923	3.88125E-06	4.6575E-06	0.000615227884615
0.025784615384615	1.50E-04	0.00018	0.023773076923077	3.88125E-06	4.6575E-06	0.000615128365385
0.025773076923077	1.50E-04	0.00018	0.023769230769231	3.88125E-06	4.6575E-06	0.000615028846154
0.025765384615385	1.50E-04	0.00018	0.023776923076923	3.88125E-06	4.6575E-06	0.000615227884615
0.025757692307692	1.50E-04	0.00018	0.023773076923077	3.88125E-06	4.6575E-06	0.000615128365385
0.02575	1.50E-04	0.00018	0.023773076923077	3.88125E-06	4.6575E-06	0.000615128365385
0.025738461538462	1.50E-04	0.00018	0.023769230769231	3.88125E-06	4.6575E-06	0.000615028846154
0.025730769230769	1.50E-04	0.00018	0.023765384615385	3.88125E-06	4.6575E-06	0.000614929326923
0.025723076923077	1.50E-04	0.00018	0.023765384615385	3.88125E-06	4.6575E-06	0.000614929326923
0.025715384615385	1.50E-04	0.00018	0.023761538461539	3.88125E-06	4.6575E-06	0.000614829807692
0.025707692307692	1.50E-04	0.00018	0.023761538461539	3.88125E-06	4.6575E-06	0.000614829807692
0.0257	1.50E-04	0.00018	0.023757692307692	3.88125E-06	4.6575E-06	0.000614730288462
0.025688461538462	1.50E-04	0.00018	0.023757692307692	3.88125E-06	4.6575E-06	0.000614730288462
0.025680769230769	1.50E-04	0.00018	0.023753846153846	3.88125E-06	4.6575E-06	0.000614630769231
0.025673076923077	1.50E-04	0.00018	0.02375	3.88125E-06	4.6575E-06	0.00061453125
0.025665384615385	1.50E-04	0.00018	0.02375	3.88125E-06	4.6575E-06	0.00061453125
0.025657692307692	1.50E-04	0.00018	0.023746153846154	3.88125E-06	4.6575E-06	0.000614431730769
0.02565	1.50E-04	0.00018	0.023746153846154	3.88125E-06	4.6575E-06	0.000614431730769
0.025642307692308	1.50E-04	0.00018	0.023742307692308	3.88125E-06	4.6575E-06	0.000614332211538
0.025634615384615	1.50E-04	0.00018	0.023742307692308	3.88125E-06	4.6575E-06	0.000614332211538
0.025623076923077	1.50E-04	0.00018	0.023738461538462	3.88125E-06	4.6575E-06	0.000614232692308
0.025615384615385	1.50E-04	0.00018	0.023738461538462	3.88125E-06	4.6575E-06	0.000614232692308
0.025607692307692	1.50E-04	0.00018	0.023734615384615	3.88125E-06	4.6575E-06	0.000614133173077
0.0256	1.50E-04	0.00018	0.023734615384615	3.88125E-06	4.6575E-06	0.000614133173077
0.025592307692308	1.50E-04	0.00018	0.023730769230769	3.88125E-06	4.6575E-06	0.000614033653846
0.025584615384615	1.50E-04	0.00018	0.023730769230769	3.88125E-06	4.6575E-06	0.000614033653846
0.025576923076923	1.50E-04	0.00018	0.023730769230769	3.88125E-06	4.6575E-06	0.000614033653846
0.025569230769231	1.50E-04	0.00018	0.023726923076923	3.88125E-06	4.6575E-06	0.000613934134615
0.025561538461539	1.50E-04	0.00018	0.023726923076923	3.88125E-06	4.6575E-06	0.000613934134615
0.025553846153846	1.50E-04	0.00018	0.023723076923077	3.88125E-06	4.6575E-06	0.000613834615385
0.025546153846154	1.50E-04	0.00018	0.023723076923077	3.88125E-06	4.6575E-06	0.000613834615385
0.025538461538462	1.50E-04	0.00018	0.023719230769231	3.88125E-06	4.6575E-06	0.000613735096154
0.025526923076923	1.50E-04	0.00018	0.023719230769231	3.88125E-06	4.6575E-06	0.000613735096154
0.025519230769231	1.50E-04	0.00018	0.023719230769231	3.88125E-06	4.6575E-06	0.000613735096154
0.025511538461539	1.50E-04	0.00018	0.023715384615385	3.88125E-06	4.6575E-06	0.000613635576923
0.025503846153846	1.50E-04	0.00018	0.023715384615385	3.88125E-06	4.6575E-06	0.000613635576923
0.025496153846154	1.50E-04	0.00018	0.023711538461539	3.88125E-06	4.6575E-06	0.000613536057692
0.025488461538462	1.50E-04	0.00018	0.023711538461539	3.88125E-06	4.6575E-06	0.000613536057692
0.025480769230769	1.50E-04	0.00018	0.023711538461539	3.88125E-06	4.6575E-06	0.000613536057692
0.025473076923077	1.50E-04	0.00018	0.023707692307692	3.88125E-06	4.6575E-06	0.000613436538462
0.025465384615385	1.50E-04	0.00018	0.023707692307692	3.88125E-06	4.6575E-06	0.000613436538462
0.025457692307692	1.50E-04	0.00018	0.023707692307692	3.88125E-06	4.6575E-06	0.000613436538462
0.02545	1.50E-04	0.00018	0.023703846153846	3.88125E-06	4.6575E-06	0.000613337019231
0.025442307692308	1.50E-04	0.00018	0.023703846153846	3.88125E-06	4.6575E-06	0.000613337019231
0.025434615384615	1.50E-04	0.00018	0.023703846153846	3.88125E-06	4.6575E-06	0.000613337019231
0.025426923076923	1.50E-04	0.00018	0.0237	3.88125E-06	4.6575E-06	0.0006132375
0.025419230769231	1.50E-04	0.00018	0.0237	3.88125E-06	4.6575E-06	0.0006132375
0.025411538461539	1.50E-04	0.00018	0.0237	3.88125E-06	4.6575E-06	0.0006132375
0.025403846153846	1.50E-04	0.00018	0.023696153846154	3.88125E-06	4.6575E-06	0.000613137980769
0.025396153846154	1.50E-04	0.00018	0.023696153846154	3.88125E-06	4.6575E-06	0.000613137980769
0.025392307692308	1.50E-04	0.00018	0.023696153846154	3.88125E-06	4.6575E-06	0.000613137980769
0.025384615384615	1.50E-04	0.00018	0.023696153846154	3.88125E-06	4.6575E-06	0.000613137980769
0.025376923076923	1.50E-04	0.00018	0.023692307692308	3.88125E-06	4.6575E-06	0.000613038461538
0.025369230769231	1.50E-04	0.00018	0.023692307692308	3.88125E-06	4.6575E-06	0.000613038461538
0.025361538461539	1.50E-04	0.00018	0.023692307692308	3.88125E-06	4.6575E-06	0.000613038461538
0.025353846153846	1.50E-04	0.00018	0.023692307692308	3.88125E-06	4.6575E-06	0.000613038461538
0.025346153846154	1.50E-04	0.00018	0.023688461538462	3.88125E-06	4.6575E-06	0.000612938942308
0.025338461538462	1.50E-04	0.00018	0.023688461538462	3.88125E-06	4.6575E-06	0.000612938942308
0.025330769230769	1.50E-04	0.00018	0.023688461538462	3.88125E-06	4.6575E-06	0.000612938942308
0.025323076923077	1.50E-04	0.00018	0.023688461538462	3.88125E-06	4.6575E-06	0.000612938942308
0.025315384615385	1.50E-04	0.00018	0.023688461538462	3.88125E-06	4.6575E-06	0.000612938942308
0.025307692307692	1.50E-04	0.00018	0.023684615384615	3.88125E-06	4.6575E-06	0.000612839423077
0.0253	1.50E-04	0.00018	0.023684615384615	3.88125E-06	4.6575E-06	0.000612839423077
0.025296153846154	1.50E-04	0.00018	0.023684615384615	3.88125E-06	4.6575E-06	0.000612839423077
0.025284615384615	1.50E-04	0.00018	0.023676923076923	3.88125E-06	4.6575E-06	0.000612640384615
0.025276923076923	1.50E-04	0.00018	0.023676923076923	3.88125E-06	4.6575E-06	0.000612640384615
0.025269230769231	1.50E-04	0.00018	0.023676923076923	3.88125E-06	4.6575E-06	0.000612640384615
0.025261538461539	1.50E-04	0.00018	0.023676923076923	3.88125E-06	4.6575E-06	0.000612640384615
0.025253846153846	1.50E-04	0.00018	0.023673076923077	3.88125E-06	4.6575E-06	0.000612540865385
0.025246153846154	1.50E-04	0.00018	0.023673076923077	3.88125E-06	4.6575E-06	0.000612540865385
0.025238461538462	1.50E-04	0.00018	0.023673076923077	3.88125E-06	4.6575E-06	0.000612540865385
0.025234615384615	1.50E-04	0.00018	0.023673076923077	3.88125E-06	4.6575E-06	0.000612540865385
0.025226923076923	1.50E-04	0.00018	0.023673076923077	3.88125E-06	4.6575E-06	0.000612540865385
0.025219230769231	1.50E-04	0.00018	0.023673076923077	3.88125E-06	4.6575E-06	0.000612540865385
0.025211538461539	1.50E-04	0.00018	0.023673076923077	3.88125E-06	4.6575E-06	0.000612540865385
0.025203846153846	1.50E-04	0.00018	0.023673076923077	3.88125E-06	4.6575E-06	0.000612540865385
0.025196153846154	1.50E-04	0.00018	0.023673076923077	3.88125E-06	4.6575E-06	0.000612540865385
0.025192307692308	1.50E-04	0.00018	0.023673076923077	3.88125E-06	4.6575E-06	0.000612540865385
0.025184615384615	1.50E-04	0.00018	0.023669230769231	3.88125E-06	4.6575E-06	0.000612441346154
0.025176923076923	1.50E-04	0.00018	0.023669230769231	3.88125E-06	4.6575E-06	0.000612441346154
0.025169230769231	1.50E-04	0.00018	0.023669230769231	3.88125E-06	4.6575E-06	0.000612441346154
0.025161538461539	1.50E-04	0.00018	0.023669230769231	3.88125E-06	4.6575E-06	0.000612441346154
0.025153846153846	1.50E-04	0.00018	0.023669230769231	3.88125E-06	4.6575E-06	0.000612441346154
0.02515	1.50E-04	0.00018	0.023669230769231	3.88125E-06	4.6575E-06	0.000612441346154
0.025142307692308	1.50E-04	0.00018	0.023669230769231	3.88125E-06	4.6575E-06	0.000612441346154
0.025134615384615	1.50E-04	0.00018	0.023669230769231	3.88125E-06	4.6575E-06	0.000612441346154
0.025126923076923	1.50E-04	0.00018	0.023669230769231	3.88125E-06	4.6575E-06	0.000612441346154
0.025119230769231	1.50E-04	0.00018	0.023669230769231	3.88125E-06	4.6575E-06	0.000612441346154
0.025115384615385	1.50E-04	0.00018	0.023669230769231	3.88125E-06	4.6575E-06	0.000612441346154
0.025107692307692	1.50E-04	0.00018	0.023669230769231	3.88125E-06	4.6575E-06	0.000612441346154
0.0251	1.50E-04	0.00018	0.023669230769231	3.88125E-06	4.6575E-06	0.000612441346154
0.025092307692308	1.50E-04	0.00018	0.023669230769231	3.88125E-06	4.6575E-06	0.000612441346154
0.025088461538462	1.50E-04	0.00018	0.023669230769231	3.88125E-06	4.6575E-06	0.000612441346154
0.025080769230769	1.50E-04	0.00018	0.023669230769231	3.88125E-06	4.6575E-06	0.000612441346154
0.025073076923077	1.50E-04	0.00018	0.023669230769231	3.88125E-06	4.6575E-06	0.000612441346154
0.025065384615385	1.50E-04	0.00018	0.023669230769231	3.88125E-06	4.6575E-06	0.000612441346154
0.025061538461539	1.50E-04	0.00018	0.023669230769231	3.88125E-06	4.6575E-06	0.000612441346154
0.025053846153846	1.50E-04	0.00018	0.023669230769231	3.88125E-06	4.6575E-06	0.000612441346154
0.025046153846154	1.50E-04	0.00018	0.023669230769231	3.88125E-06	4.6575E-06	0.000612441346154
0.025038461538462	1.50E-04	0.00018	0.023669230769231	3.88125E-06	4.6575E-06	0.000612441346154
0.025034615384615	1.50E-04	0.00018	0.023673076923077	3.88125E-06	4.6575E-06	0.000612540865385
0.025026923076923	1.50E-04	0.00018	0.023673076923077	3.88125E-06	4.6575E-06	0.000612540865385
0.025019230769231	1.50E-04	0.00018	0.023673076923077	3.88125E-06	4.6575E-06	0.000612540865385
0.025011538461539	1.50E-04	0.00018	0.023673076923077	3.88125E-06	4.6575E-06	0.000612540865385
0.025007692307692	1.50E-04	0.00018	0.023673076923077	3.88125E-06	4.6575E-06	0.000612540865385
0.025	1.50E-04	0.00018	0.023673076923077	3.88125E-06	4.6575E-06	0.000612540865385
0.024992307692308	1.50E-04	0.00018	0.023673076923077	3.88125E-06	4.6575E-06	0.000612540865385
0.024988461538462	1.50E-04	0.00018	0.023673076923077	3.88125E-06	4.6575E-06	0.000612540865385
0.024980769230769	1.50E-04	0.00018	0.023673076923077	3.88125E-06	4.6575E-06	0.000612540865385
0.024973076923077	1.50E-04	0.00018	0.023676923076923	3.88125E-06	4.6575E-06	0.000612640384615
0.024965384615385	1.50E-04	0.00018	0.023676923076923	3.88125E-06	4.6575E-06	0.000612640384615
0.024961538461539	1.50E-04	0.00018	0.023676923076923	3.88125E-06	4.6575E-06	0.000612640384615
0.024953846153846	1.50E-04	0.00018	0.023676923076923	3.88125E-06	4.6575E-06	0.000612640384615
0.024946153846154	1.50E-04	0.00018	0.023676923076923	3.88125E-06	4.6575E-06	0.000612640384615
0.024942307692308	1.50E-04	0.00018	0.023676923076923	3.88125E-06	4.6575E-06	0.000612640384615
0.024934615384615	1.50E-04	0.00018	0.023676923076923	3.88125E-06	4.6575E-06	0.000612640384615
0.024926923076923	1.50E-04	0.00018	0.023680769230769	3.88125E-06	4.6575E-06	0.000612739903846
0.024923076923077	1.50E-04	0.00018	0.023680769230769	3.88125E-06	4.6575E-06	0.000612739903846
0.024915384615385	1.50E-04	0.00018	0.023680769230769	3.88125E-06	4.6575E-06	0.000612739903846
0.024907692307692	1.50E-04	0.00018	0.023680769230769	3.88125E-06	4.6575E-06	0.000612739903846
0.024903846153846	1.50E-04	0.00018	0.023680769230769	3.88125E-06	4.6575E-06	0.000612739903846
0.024896153846154	1.50E-04	0.00018	0.023684615384615	3.88125E-06	4.6575E-06	0.000612839423077
0.024888461538462	1.50E-04	0.00018	0.023684615384615	3.88125E-06	4.6575E-06	0.000612839423077
0.024884615384615	1.50E-04	0.00018	0.023684615384615	3.88125E-06	4.6575E-06	0.000612839423077
0.024876923076923	1.50E-04	0.00018	0.023684615384615	3.88125E-06	4.6575E-06	0.000612839423077
0.024869230769231	1.50E-04	0.00018	0.023684615384615	3.88125E-06	4.6575E-06	0.000612839423077
0.024865384615385	1.50E-04	0.00018	0.023688461538462	3.88125E-06	4.6575E-06	0.000612938942308
0.024857692307692	1.50E-04	0.00018	0.023688461538462	3.88125E-06	4.6575E-06	0.000612938942308
0.024853846153846	1.50E-04	0.00018	0.023688461538462	3.88125E-06	4.6575E-06	0.000612938942308
0.024846153846154	1.50E-04	0.00018	0.023688461538462	3.88125E-06	4.6575E-06	0.000612938942308
0.024838461538462	1.50E-04	0.00018	0.023692307692308	3.88125E-06	4.6575E-06	0.000613038461538
0.024838461538462	1.50E-04	0.00018	0.0237	3.88125E-06	4.6575E-06	0.0006132375
0.024830769230769	1.50E-04	0.00018	0.0237	3.88125E-06	4.6575E-06	0.0006132375
0.024823076923077	1.50E-04	0.00018	0.023703846153846	3.88125E-06	4.6575E-06	0.000613337019231
0.024819230769231	1.50E-04	0.00018	0.023703846153846	3.88125E-06	4.6575E-06	0.000613337019231
0.024811538461539	1.50E-04	0.00018	0.023703846153846	3.88125E-06	4.6575E-06	0.000613337019231
0.024807692307692	1.50E-04	0.00018	0.023703846153846	3.88125E-06	4.6575E-06	0.000613337019231
0.0248	1.50E-04	0.00018	0.023707692307692	3.88125E-06	4.6575E-06	0.000613436538462
0.024792307692308	1.50E-04	0.00018	0.023707692307692	3.88125E-06	4.6575E-06	0.000613436538462
0.024788461538462	1.50E-04	0.00018	0.023707692307692	3.88125E-06	4.6575E-06	0.000613436538462
0.024780769230769	1.50E-04	0.00018	0.023711538461539	3.88125E-06	4.6575E-06	0.000613536057692
0.024776923076923	1.50E-04	0.00018	0.023711538461539	3.88125E-06	4.6575E-06	0.000613536057692
0.024769230769231	1.50E-04	0.00018	0.023711538461539	3.88125E-06	4.6575E-06	0.000613536057692
0.024761538461539	1.50E-04	0.00018	0.023715384615385	3.88125E-06	4.6575E-06	0.000613635576923
0.024757692307692	1.50E-04	0.00018	0.023715384615385	3.88125E-06	4.6575E-06	0.000613635576923
0.02475	1.50E-04	0.00018	0.023715384615385	3.88125E-06	4.6575E-06	0.000613635576923
0.024746153846154	1.50E-04	0.00018	0.023719230769231	3.88125E-06	4.6575E-06	0.000613735096154
0.024738461538462	1.50E-04	0.00018	0.023719230769231	3.88125E-06	4.6575E-06	0.000613735096154
0.024734615384615	1.50E-04	0.00018	0.023719230769231	3.88125E-06	4.6575E-06	0.000613735096154
0.024726923076923	1.50E-04	0.00018	0.023723076923077	3.88125E-06	4.6575E-06	0.000613834615385
0.024723076923077	1.50E-04	0.00018	0.023723076923077	3.88125E-06	4.6575E-06	0.000613834615385
0.024715384615385	1.50E-04	0.00018	0.023726923076923	3.88125E-06	4.6575E-06	0.000613934134615
0.024707692307692	1.50E-04	0.00018	0.023726923076923	3.88125E-06	4.6575E-06	0.000613934134615
0.024703846153846	1.50E-04	0.00018	0.023726923076923	3.88125E-06	4.6575E-06	0.000613934134615
0.024696153846154	1.50E-04	0.00018	0.023730769230769	3.88125E-06	4.6575E-06	0.000614033653846
0.024692307692308	1.50E-04	0.00018	0.023730769230769	3.88125E-06	4.6575E-06	0.000614033653846
0.024684615384615	1.50E-04	0.00018	0.023734615384615	3.88125E-06	4.6575E-06	0.000614133173077
0.024680769230769	1.50E-04	0.00018	0.023734615384615	3.88125E-06	4.6575E-06	0.000614133173077
0.024673076923077	1.50E-04	0.00018	0.023734615384615	3.88125E-06	4.6575E-06	0.000614133173077
0.024669230769231	1.50E-04	0.00018	0.023738461538462	3.88125E-06	4.6575E-06	0.000614232692308
0.024661538461539	1.50E-04	0.00018	0.023738461538462	3.88125E-06	4.6575E-06	0.000614232692308
0.024657692307692	1.50E-04	0.00018	0.023742307692308	3.88125E-06	4.6575E-06	0.000614332211538
0.02465	1.50E-04	0.00018	0.023742307692308	3.88125E-06	4.6575E-06	0.000614332211538
0.024646153846154	1.50E-04	0.00018	0.023746153846154	3.88125E-06	4.6575E-06	0.000614431730769
0.024638461538462	1.50E-04	0.00018	0.023746153846154	3.88125E-06	4.6575E-06	0.000614431730769
0.024630769230769	1.50E-04	0.00018	0.02375	3.88125E-06	4.6575E-06	0.00061453125
0.024626923076923	1.50E-04	0.00018	0.02375	3.88125E-06	4.6575E-06	0.00061453125
0.024619230769231	1.50E-04	0.00018	0.023753846153846	3.88125E-06	4.6575E-06	0.000614630769231
0.024615384615385	1.50E-04	0.00018	0.023753846153846	3.88125E-06	4.6575E-06	0.000614630769231
0.024607692307692	1.50E-04	0.00018	0.023757692307692	3.88125E-06	4.6575E-06	0.000614730288462
0.024603846153846	1.50E-04	0.00018	0.023757692307692	3.88125E-06	4.6575E-06	0.000614730288462
0.024596153846154	1.50E-04	0.00018	0.023757692307692	3.88125E-06	4.6575E-06	0.000614730288462
0.024592307692308	1.50E-04	0.00018	0.023761538461539	3.88125E-06	4.6575E-06	0.000614829807692
0.024584615384615	1.50E-04	0.00018	0.023765384615385	3.88125E-06	4.6575E-06	0.000614929326923
0.024580769230769	1.50E-04	0.00018	0.023765384615385	3.88125E-06	4.6575E-06	0.000614929326923
0.024576923076923	1.50E-04	0.00018	0.023769230769231	3.88125E-06	4.6575E-06	0.000615028846154
0.024569230769231	1.50E-04	0.00018	0.023769230769231	3.88125E-06	4.6575E-06	0.000615028846154
0.024565384615385	1.50E-04	0.00018	0.023773076923077	3.88125E-06	4.6575E-06	0.000615128365385
0.024557692307692	1.50E-04	0.00018	0.023773076923077	3.88125E-06	4.6575E-06	0.000615128365385
0.024553846153846	1.50E-04	0.00018	0.023776923076923	3.88125E-06	4.6575E-06	0.000615227884615
0.024546153846154	1.50E-04	0.00018	0.023776923076923	3.88125E-06	4.6575E-06	0.000615227884615
0.024542307692308	1.50E-04	0.00018	0.023780769230769	3.88125E-06	4.6575E-06	0.000615327403846
0.024534615384615	1.50E-04	0.00018	0.023780769230769	3.88125E-06	4.6575E-06	0.000615327403846
0.024530769230769	1.50E-04	0.00018	0.023784615384615	3.88125E-06	4.6575E-06	0.000615426923077
0.024523076923077	1.50E-04	0.00018	0.023784615384615	3.88125E-06	4.6575E-06	0.000615426923077
0.024519230769231	1.50E-04	0.00018	0.023788461538462	3.88125E-06	4.6575E-06	0.000615526442308
0.024511538461539	1.50E-04	0.00018	0.023792307692308	3.88125E-06	4.6575E-06	0.000615625961538
0.024507692307692	1.50E-04	0.00018	0.023792307692308	3.88125E-06	4.6575E-06	0.000615625961538
0.0245	1.50E-04	0.00018	0.023796153846154	3.88125E-06	4.6575E-06	0.000615725480769
0.024496153846154	1.50E-04	0.00018	0.023796153846154	3.88125E-06	4.6575E-06	0.000615725480769
0.024492307692308	1.50E-04	0.00018	0.0238	3.88125E-06	4.6575E-06	0.000615825
0.024484615384615	1.50E-04	0.00018	0.023803846153846	3.88125E-06	4.6575E-06	0.000615924519231
0.024480769230769	1.50E-04	0.00018	0.023803846153846	3.88125E-06	4.6575E-06	0.000615924519231
0.024473076923077	1.50E-04	0.00018	0.023807692307692	3.88125E-06	4.6575E-06	0.000616024038462
0.024469230769231	1.50E-04	0.00018	0.023807692307692	3.88125E-06	4.6575E-06	0.000616024038462
0.024461538461539	1.50E-04	0.00018	0.023811538461539	3.88125E-06	4.6575E-06	0.000616123557692
0.024457692307692	1.50E-04	0.00018	0.023815384615385	3.88125E-06	4.6575E-06	0.000616223076923
0.024453846153846	1.50E-04	0.00018	0.023815384615385	3.88125E-06	4.6575E-06	0.000616223076923
0.024446153846154	1.50E-04	0.00018	0.023819230769231	3.88125E-06	4.6575E-06	0.000616322596154
0.024442307692308	1.50E-04	0.00018	0.023823076923077	3.88125E-06	4.6575E-06	0.000616422115385
0.024434615384615	1.50E-04	0.00018	0.023823076923077	3.88125E-06	4.6575E-06	0.000616422115385
0.024430769230769	1.50E-04	0.00018	0.023826923076923	3.88125E-06	4.6575E-06	0.000616521634615
0.024426923076923	1.50E-04	0.00018	0.023830769230769	3.88125E-06	4.6575E-06	0.000616621153846
0.024419230769231	1.50E-04	0.00018	0.023830769230769	3.88125E-06	4.6575E-06	0.000616621153846
0.024407692307692	1.50E-04	0.00018	0.023826923076923	3.88125E-06	4.6575E-06	0.000616521634615
0.024403846153846	1.50E-04	0.00018	0.023826923076923	3.88125E-06	4.6575E-06	0.000616521634615
0.024396153846154	1.50E-04	0.00018	0.023830769230769	3.88125E-06	4.6575E-06	0.000616621153846
0.024392307692308	1.50E-04	0.00018	0.023834615384615	3.88125E-06	4.6575E-06	0.000616720673077
0.024384615384615	1.50E-04	0.00018	0.023834615384615	3.88125E-06	4.6575E-06	0.000616720673077
0.024380769230769	1.50E-04	0.00018	0.023838461538462	3.88125E-06	4.6575E-06	0.000616820192308
0.024376923076923	1.50E-04	0.00018	0.023842307692308	3.88125E-06	4.6575E-06	0.000616919711538
0.024369230769231	1.50E-04	0.00018	0.023842307692308	3.88125E-06	4.6575E-06	0.000616919711538
0.024365384615385	1.50E-04	0.00018	0.023846153846154	3.88125E-06	4.6575E-06	0.000617019230769
0.024361538461539	1.50E-04	0.00018	0.02385	3.88125E-06	4.6575E-06	0.00061711875
0.024353846153846	1.50E-04	0.00018	0.023853846153846	3.88125E-06	4.6575E-06	0.000617218269231
0.02435	1.50E-04	0.00018	0.023853846153846	3.88125E-06	4.6575E-06	0.000617218269231
0.024342307692308	1.50E-04	0.00018	0.023857692307692	3.88125E-06	4.6575E-06	0.000617317788462
0.024338461538462	1.50E-04	0.00018	0.023861538461539	3.88125E-06	4.6575E-06	0.000617417307692
0.024334615384615	1.50E-04	0.00018	0.023865384615385	3.88125E-06	4.6575E-06	0.000617516826923
0.024326923076923	1.50E-04	0.00018	0.023865384615385	3.88125E-06	4.6575E-06	0.000617516826923
0.024323076923077	1.50E-04	0.00018	0.023869230769231	3.88125E-06	4.6575E-06	0.000617616346154
0.024319230769231	1.50E-04	0.00018	0.023873076923077	3.88125E-06	4.6575E-06	0.000617715865385
0.024311538461539	1.50E-04	0.00018	0.023876923076923	3.88125E-06	4.6575E-06	0.000617815384615
0.024307692307692	1.50E-04	0.00018	0.023880769230769	3.88125E-06	4.6575E-06	0.000617914903846
0.024303846153846	1.50E-04	0.00018	0.023880769230769	3.88125E-06	4.6575E-06	0.000617914903846
0.024296153846154	1.50E-04	0.00018	0.023884615384615	3.88125E-06	4.6575E-06	0.000618014423077
0.024292307692308	1.50E-04	0.00018	0.023888461538462	3.88125E-06	4.6575E-06	0.000618113942308
0.024288461538462	1.50E-04	0.00018	0.023892307692308	3.88125E-06	4.6575E-06	0.000618213461538
0.024280769230769	1.50E-04	0.00018	0.023896153846154	3.88125E-06	4.6575E-06	0.000618312980769
0.024276923076923	1.50E-04	0.00018	0.023896153846154	3.88125E-06	4.6575E-06	0.000618312980769
0.024273076923077	1.50E-04	0.00018	0.0239	3.88125E-06	4.6575E-06	0.0006184125
0.024265384615385	1.50E-04	0.00018	0.023903846153846	3.88125E-06	4.6575E-06	0.000618512019231
0.024261538461539	1.50E-04	0.00018	0.023907692307692	3.88125E-06	4.6575E-06	0.000618611538462
0.024257692307692	1.50E-04	0.00018	0.023911538461539	3.88125E-06	4.6575E-06	0.000618711057692
0.02425	1.50E-04	0.00018	0.023911538461539	3.88125E-06	4.6575E-06	0.000618711057692
0.024246153846154	1.50E-04	0.00018	0.023915384615385	3.88125E-06	4.6575E-06	0.000618810576923
0.024242307692308	1.50E-04	0.00018	0.023919230769231	3.88125E-06	4.6575E-06	0.000618910096154
0.024234615384615	1.50E-04	0.00018	0.023923076923077	3.88125E-06	4.6575E-06	0.000619009615385
0.024230769230769	1.50E-04	0.00018	0.023926923076923	3.88125E-06	4.6575E-06	0.000619109134615
0.024226923076923	1.50E-04	0.00018	0.023930769230769	3.88125E-06	4.6575E-06	0.000619208653846
0.024219230769231	1.50E-04	0.00018	0.023934615384615	3.88125E-06	4.6575E-06	0.000619308173077
0.024215384615385	1.50E-04	0.00018	0.023934615384615	3.88125E-06	4.6575E-06	0.000619308173077
0.024211538461539	1.50E-04	0.00018	0.023938461538462	3.88125E-06	4.6575E-06	0.000619407692308
0.024203846153846	1.50E-04	0.00018	0.023942307692308	3.88125E-06	4.6575E-06	0.000619507211538
0.0242	1.50E-04	0.00018	0.023946153846154	3.88125E-06	4.6575E-06	0.000619606730769
0.024196153846154	1.50E-04	0.00018	0.02395	3.88125E-06	4.6575E-06	0.00061970625
0.024192307692308	1.50E-04	0.00018	0.023953846153846	3.88125E-06	4.6575E-06	0.000619805769231
0.024184615384615	1.50E-04	0.00018	0.023957692307692	3.88125E-06	4.6575E-06	0.000619905288462
0.024180769230769	1.50E-04	0.00018	0.023961538461539	3.88125E-06	4.6575E-06	0.000620004807692
0.024176923076923	1.50E-04	0.00018	0.023965384615385	3.88125E-06	4.6575E-06	0.000620104326923
0.024169230769231	1.50E-04	0.00018	0.023969230769231	3.88125E-06	4.6575E-06	0.000620203846154
0.024165384615385	1.50E-04	0.00018	0.023969230769231	3.88125E-06	4.6575E-06	0.000620203846154
0.024161538461539	1.50E-04	0.00018	0.023973076923077	3.88125E-06	4.6575E-06	0.000620303365385
0.024153846153846	1.50E-04	0.00018	0.023976923076923	3.88125E-06	4.6575E-06	0.000620402884615
0.02415	1.50E-04	0.00018	0.023980769230769	3.88125E-06	4.6575E-06	0.000620502403846
0.024146153846154	1.50E-04	0.00018	0.023984615384615	3.88125E-06	4.6575E-06	0.000620601923077
0.024142307692308	1.50E-04	0.00018	0.023988461538462	3.88125E-06	4.6575E-06	0.000620701442308
0.024134615384615	1.50E-04	0.00018	0.023992307692308	3.88125E-06	4.6575E-06	0.000620800961538
0.024130769230769	1.50E-04	0.00018	0.023996153846154	3.88125E-06	4.6575E-06	0.000620900480769
0.024126923076923	1.50E-04	0.00018	0.024	3.88125E-06	4.6575E-06	0.000621
0.024123076923077	1.50E-04	0.00018	0.024003846153846	3.88125E-06	4.6575E-06	0.000621099519231
0.024115384615385	1.50E-04	0.00018	0.024007692307692	3.88125E-06	4.6575E-06	0.000621199038462
0.024111538461539	1.50E-04	0.00018	0.024011538461539	3.88125E-06	4.6575E-06	0.000621298557692
0.024107692307692	1.50E-04	0.00018	0.024015384615385	3.88125E-06	4.6575E-06	0.000621398076923
0.024103846153846	1.50E-04	0.00018	0.024019230769231	3.88125E-06	4.6575E-06	0.000621497596154
0.024096153846154	1.50E-04	0.00018	0.024023076923077	3.88125E-06	4.6575E-06	0.000621597115385
0.024092307692308	1.50E-04	0.00018	0.024026923076923	3.88125E-06	4.6575E-06	0.000621696634615
0.024088461538462	1.50E-04	0.00018	0.024030769230769	3.88125E-06	4.6575E-06	0.000621796153846
0.024084615384615	1.50E-04	0.00018	0.024034615384615	3.88125E-06	4.6575E-06	0.000621895673077
0.024076923076923	1.50E-04	0.00018	0.024038461538462	3.88125E-06	4.6575E-06	0.000621995192308
0.024073076923077	1.50E-04	0.00018	0.024042307692308	3.88125E-06	4.6575E-06	0.000622094711538
0.024069230769231	1.50E-04	0.00018	0.024046153846154	3.88125E-06	4.6575E-06	0.000622194230769
0.024065384615385	1.50E-04	0.00018	0.02405	3.88125E-06	4.6575E-06	0.00062229375
0.024057692307692	1.50E-04	0.00018	0.024053846153846	3.88125E-06	4.6575E-06	0.000622393269231
0.024053846153846	1.50E-04	0.00018	0.024057692307692	3.88125E-06	4.6575E-06	0.000622492788462
0.02405	1.50E-04	0.00018	0.024061538461539	3.88125E-06	4.6575E-06	0.000622592307692
0.024046153846154	1.50E-04	0.00018	0.024065384615385	3.88125E-06	4.6575E-06	0.000622691826923
0.024038461538462	1.50E-04	0.00018	0.024069230769231	3.88125E-06	4.6575E-06	0.000622791346154
0.024034615384615	1.50E-04	0.00018	0.024073076923077	3.88125E-06	4.6575E-06	0.000622890865385
0.024030769230769	1.50E-04	0.00018	0.024076923076923	3.88125E-06	4.6575E-06	0.000622990384615
0.024026923076923	1.50E-04	0.00018	0.024080769230769	3.88125E-06	4.6575E-06	0.000623089903846
0.024019230769231	1.50E-04	0.00018	0.024084615384615	3.88125E-06	4.6575E-06	0.000623189423077
0.024015384615385	1.50E-04	0.00018	0.024088461538462	3.88125E-06	4.6575E-06	0.000623288942308
0.024011538461539	1.50E-04	0.00018	0.024096153846154	3.88125E-06	4.6575E-06	0.000623487980769
0.024007692307692	1.50E-04	0.00018	0.0241	3.88125E-06	4.6575E-06	0.0006235875
0.024003846153846	1.50E-04	0.00018	0.024103846153846	3.88125E-06	4.6575E-06	0.000623687019231
0.024011538461539	1.50E-04	0.00018	0.024126923076923	3.88125E-06	4.6575E-06	0.000624284134615
0.024007692307692	1.50E-04	0.00018	0.024130769230769	3.88125E-06	4.6575E-06	0.000624383653846
0.024	1.50E-04	0.00018	0.024134615384615	3.88125E-06	4.6575E-06	0.000624483173077
0.023996153846154	1.50E-04	0.00018	0.024138461538462	3.88125E-06	4.6575E-06	0.000624582692308
0.023992307692308	1.50E-04	0.00018	0.024142307692308	3.88125E-06	4.6575E-06	0.000624682211538
0.023988461538462	1.50E-04	0.00018	0.024146153846154	3.88125E-06	4.6575E-06	0.000624781730769
0.023984615384615	1.50E-04	0.00018	0.02415	3.88125E-06	4.6575E-06	0.00062488125
0.023976923076923	1.50E-04	0.00018	0.024153846153846	3.88125E-06	4.6575E-06	0.000624980769231
0.023973076923077	1.50E-04	0.00018	0.024157692307692	3.88125E-06	4.6575E-06	0.000625080288462
0.023969230769231	1.50E-04	0.00018	0.024165384615385	3.88125E-06	4.6575E-06	0.000625279326923
0.023965384615385	1.50E-04	0.00018	0.024169230769231	3.88125E-06	4.6575E-06	0.000625378846154
0.023961538461539	1.50E-04	0.00018	0.024173076923077	3.88125E-06	4.6575E-06	0.000625478365385
0.023953846153846	1.50E-04	0.00018	0.024176923076923	3.88125E-06	4.6575E-06	0.000625577884615
0.02395	1.50E-04	0.00018	0.024180769230769	3.88125E-06	4.6575E-06	0.000625677403846
0.023946153846154	1.50E-04	0.00018	0.024184615384615	3.88125E-06	4.6575E-06	0.000625776923077
0.023942307692308	1.50E-04	0.00018	0.024188461538462	3.88125E-06	4.6575E-06	0.000625876442308
0.023938461538462	1.50E-04	0.00018	0.024192307692308	3.88125E-06	4.6575E-06	0.000625975961538
0.023930769230769	1.50E-04	0.00018	0.0242	3.88125E-06	4.6575E-06	0.000626175
0.023926923076923	1.50E-04	0.00018	0.024203846153846	3.88125E-06	4.6575E-06	0.000626274519231
0.023923076923077	1.50E-04	0.00018	0.024207692307692	3.88125E-06	4.6575E-06	0.000626374038462
0.023919230769231	1.50E-04	0.00018	0.024211538461539	3.88125E-06	4.6575E-06	0.000626473557692
0.023915384615385	1.50E-04	0.00018	0.024215384615385	3.88125E-06	4.6575E-06	0.000626573076923
0.023907692307692	1.50E-04	0.00018	0.024223076923077	3.88125E-06	4.6575E-06	0.000626772115385
0.023903846153846	1.50E-04	0.00018	0.024226923076923	3.88125E-06	4.6575E-06	0.000626871634615
0.0239	1.50E-04	0.00018	0.024230769230769	3.88125E-06	4.6575E-06	0.000626971153846
0.023896153846154	1.50E-04	0.00018	0.024234615384615	3.88125E-06	4.6575E-06	0.000627070673077
0.023892307692308	1.50E-04	0.00018	0.024238461538462	3.88125E-06	4.6575E-06	0.000627170192308
0.023888461538462	1.50E-04	0.00018	0.024246153846154	3.88125E-06	4.6575E-06	0.000627369230769
0.023880769230769	1.50E-04	0.00018	0.02425	3.88125E-06	4.6575E-06	0.00062746875
0.023876923076923	1.50E-04	0.00018	0.024253846153846	3.88125E-06	4.6575E-06	0.000627568269231
0.023873076923077	1.50E-04	0.00018	0.024257692307692	3.88125E-06	4.6575E-06	0.000627667788462
0.023869230769231	1.50E-04	0.00018	0.024261538461539	3.88125E-06	4.6575E-06	0.000627767307692
0.023865384615385	1.50E-04	0.00018	0.024269230769231	3.88125E-06	4.6575E-06	0.000627966346154
0.023861538461539	1.50E-04	0.00018	0.024273076923077	3.88125E-06	4.6575E-06	0.000628065865385
0.023853846153846	1.50E-04	0.00018	0.024276923076923	3.88125E-06	4.6575E-06	0.000628165384615
0.02385	1.50E-04	0.00018	0.024280769230769	3.88125E-06	4.6575E-06	0.000628264903846
0.023846153846154	1.50E-04	0.00018	0.024288461538462	3.88125E-06	4.6575E-06	0.000628463942308
0.023842307692308	1.50E-04	0.00018	0.024292307692308	3.88125E-06	4.6575E-06	0.000628563461538
0.023838461538462	1.50E-04	0.00018	0.024296153846154	3.88125E-06	4.6575E-06	0.000628662980769
0.023834615384615	1.50E-04	0.00018	0.0243	3.88125E-06	4.6575E-06	0.0006287625
0.023826923076923	1.50E-04	0.00018	0.024307692307692	3.88125E-06	4.6575E-06	0.000628961538462
0.023823076923077	1.50E-04	0.00018	0.024311538461539	3.88125E-06	4.6575E-06	0.000629061057692
0.023819230769231	1.50E-04	0.00018	0.024315384615385	3.88125E-06	4.6575E-06	0.000629160576923
0.023815384615385	1.50E-04	0.00018	0.024319230769231	3.88125E-06	4.6575E-06	0.000629260096154
0.023811538461539	1.50E-04	0.00018	0.024326923076923	3.88125E-06	4.6575E-06	0.000629459134615
0.023807692307692	1.50E-04	0.00018	0.024330769230769	3.88125E-06	4.6575E-06	0.000629558653846
0.023803846153846	1.50E-04	0.00018	0.024334615384615	3.88125E-06	4.6575E-06	0.000629658173077
0.023796153846154	1.50E-04	0.00018	0.024342307692308	3.88125E-06	4.6575E-06	0.000629857211538
0.023792307692308	1.50E-04	0.00018	0.024346153846154	3.88125E-06	4.6575E-06	0.000629956730769
0.023788461538462	1.50E-04	0.00018	0.02435	3.88125E-06	4.6575E-06	0.00063005625
0.023784615384615	1.50E-04	0.00018	0.024353846153846	3.88125E-06	4.6575E-06	0.000630155769231
0.023780769230769	1.50E-04	0.00018	0.024361538461539	3.88125E-06	4.6575E-06	0.000630354807692
0.023776923076923	1.50E-04	0.00018	0.024365384615385	3.88125E-06	4.6575E-06	0.000630454326923
0.023773076923077	1.50E-04	0.00018	0.024369230769231	3.88125E-06	4.6575E-06	0.000630553846154
0.023769230769231	1.50E-04	0.00018	0.024376923076923	3.88125E-06	4.6575E-06	0.000630752884615
0.023761538461539	1.50E-04	0.00018	0.024380769230769	3.88125E-06	4.6575E-06	0.000630852403846
0.023757692307692	1.50E-04	0.00018	0.024384615384615	3.88125E-06	4.6575E-06	0.000630951923077
0.023753846153846	1.50E-04	0.00018	0.024392307692308	3.88125E-06	4.6575E-06	0.000631150961538
0.02375	1.50E-04	0.00018	0.024396153846154	3.88125E-06	4.6575E-06	0.000631250480769
0.023746153846154	1.50E-04	0.00018	0.0244	3.88125E-06	4.6575E-06	0.00063135
0.023742307692308	1.50E-04	0.00018	0.024407692307692	3.88125E-06	4.6575E-06	0.000631549038462
0.023738461538462	1.50E-04	0.00018	0.024411538461539	3.88125E-06	4.6575E-06	0.000631648557692
0.023734615384615	1.50E-04	0.00018	0.024415384615385	3.88125E-06	4.6575E-06	0.000631748076923
0.023726923076923	1.50E-04	0.00018	0.024423076923077	3.88125E-06	4.6575E-06	0.000631947115385
0.023723076923077	1.50E-04	0.00018	0.024426923076923	3.88125E-06	4.6575E-06	0.000632046634615
0.023719230769231	1.50E-04	0.00018	0.024430769230769	3.88125E-06	4.6575E-06	0.000632146153846
0.023715384615385	1.50E-04	0.00018	0.024438461538462	3.88125E-06	4.6575E-06	0.000632345192308
0.023711538461539	1.50E-04	0.00018	0.024442307692308	3.88125E-06	4.6575E-06	0.000632444711538
0.023707692307692	1.50E-04	0.00018	0.02445	3.88125E-06	4.6575E-06	0.00063264375
0.023703846153846	1.50E-04	0.00018	0.024453846153846	3.88125E-06	4.6575E-06	0.000632743269231
0.0237	1.50E-04	0.00018	0.024457692307692	3.88125E-06	4.6575E-06	0.000632842788462
0.023696153846154	1.50E-04	0.00018	0.024465384615385	3.88125E-06	4.6575E-06	0.000633041826923
0.023692307692308	1.50E-04	0.00018	0.024469230769231	3.88125E-06	4.6575E-06	0.000633141346154
0.023684615384615	1.50E-04	0.00018	0.024476923076923	3.88125E-06	4.6575E-06	0.000633340384615
0.023680769230769	1.50E-04	0.00018	0.024480769230769	3.88125E-06	4.6575E-06	0.000633439903846
0.023676923076923	1.50E-04	0.00018	0.024484615384615	3.88125E-06	4.6575E-06	0.000633539423077
0.023673076923077	1.50E-04	0.00018	0.024492307692308	3.88125E-06	4.6575E-06	0.000633738461538
0.023669230769231	1.50E-04	0.00018	0.024496153846154	3.88125E-06	4.6575E-06	0.000633837980769
0.023665384615385	1.50E-04	0.00018	0.024503846153846	3.88125E-06	4.6575E-06	0.000634037019231
0.023661538461539	1.50E-04	0.00018	0.024507692307692	3.88125E-06	4.6575E-06	0.000634136538462
0.023657692307692	1.50E-04	0.00018	0.024511538461539	3.88125E-06	4.6575E-06	0.000634236057692
0.023653846153846	1.50E-04	0.00018	0.024519230769231	3.88125E-06	4.6575E-06	0.000634435096154
0.02365	1.50E-04	0.00018	0.024523076923077	3.88125E-06	4.6575E-06	0.000634534615385
0.023646153846154	1.50E-04	0.00018	0.024530769230769	3.88125E-06	4.6575E-06	0.000634733653846
0.023638461538462	1.50E-04	0.00018	0.024534615384615	3.88125E-06	4.6575E-06	0.000634833173077
0.023634615384615	1.50E-04	0.00018	0.024542307692308	3.88125E-06	4.6575E-06	0.000635032211538
0.023630769230769	1.50E-04	0.00018	0.024546153846154	3.88125E-06	4.6575E-06	0.000635131730769
0.023626923076923	1.50E-04	0.00018	0.024553846153846	3.88125E-06	4.6575E-06	0.000635330769231
0.023623076923077	1.50E-04	0.00018	0.024557692307692	3.88125E-06	4.6575E-06	0.000635430288462
0.023619230769231	1.50E-04	0.00018	0.024561538461539	3.88125E-06	4.6575E-06	0.000635529807692
0.023611538461539	1.50E-04	0.00018	0.024569230769231	3.88125E-06	4.6575E-06	0.000635728846154
0.023607692307692	1.50E-04	0.00018	0.024573076923077	3.88125E-06	4.6575E-06	0.000635828365385
0.023603846153846	1.50E-04	0.00018	0.024580769230769	3.88125E-06	4.6575E-06	0.000636027403846
0.0236	1.50E-04	0.00018	0.024584615384615	3.88125E-06	4.6575E-06	0.000636126923077
0.023596153846154	1.50E-04	0.00018	0.024592307692308	3.88125E-06	4.6575E-06	0.000636325961538
0.023592307692308	1.50E-04	0.00018	0.024596153846154	3.88125E-06	4.6575E-06	0.000636425480769
0.023588461538462	1.50E-04	0.00018	0.024603846153846	3.88125E-06	4.6575E-06	0.000636624519231
0.023584615384615	1.50E-04	0.00018	0.024607692307692	3.88125E-06	4.6575E-06	0.000636724038462
0.023580769230769	1.50E-04	0.00018	0.024615384615385	3.88125E-06	4.6575E-06	0.000636923076923
0.023576923076923	1.50E-04	0.00018	0.024619230769231	3.88125E-06	4.6575E-06	0.000637022596154
0.023573076923077	1.50E-04	0.00018	0.024626923076923	3.88125E-06	4.6575E-06	0.000637221634615
0.023569230769231	1.50E-04	0.00018	0.024630769230769	3.88125E-06	4.6575E-06	0.000637321153846
0.023565384615385	1.50E-04	0.00018	0.024638461538462	3.88125E-06	4.6575E-06	0.000637520192308
0.023561538461539	1.50E-04	0.00018	0.024642307692308	3.88125E-06	4.6575E-06	0.000637619711538
0.023557692307692	1.50E-04	0.00018	0.02465	3.88125E-06	4.6575E-06	0.00063781875
0.023553846153846	1.50E-04	0.00018	0.024653846153846	3.88125E-06	4.6575E-06	0.000637918269231
0.023546153846154	1.50E-04	0.00018	0.024661538461539	3.88125E-06	4.6575E-06	0.000638117307692
0.023542307692308	1.50E-04	0.00018	0.024665384615385	3.88125E-06	4.6575E-06	0.000638216826923
0.023538461538462	1.50E-04	0.00018	0.024673076923077	3.88125E-06	4.6575E-06	0.000638415865385
0.023534615384615	1.50E-04	0.00018	0.024676923076923	3.88125E-06	4.6575E-06	0.000638515384615
0.023530769230769	1.50E-04	0.00018	0.024684615384615	3.88125E-06	4.6575E-06	0.000638714423077
0.023526923076923	1.50E-04	0.00018	0.024688461538462	3.88125E-06	4.6575E-06	0.000638813942308
0.023523076923077	1.50E-04	0.00018	0.024696153846154	3.88125E-06	4.6575E-06	0.000639012980769
0.023519230769231	1.50E-04	0.00018	0.024703846153846	3.88125E-06	4.6575E-06	0.000639212019231
0.023515384615385	1.50E-04	0.00018	0.024707692307692	3.88125E-06	4.6575E-06	0.000639311538462
0.023511538461539	1.50E-04	0.00018	0.024715384615385	3.88125E-06	4.6575E-06	0.000639510576923
0.023507692307692	1.50E-04	0.00018	0.024719230769231	3.88125E-06	4.6575E-06	0.000639610096154
0.023503846153846	1.50E-04	0.00018	0.024726923076923	3.88125E-06	4.6575E-06	0.000639809134615
0.0235	1.50E-04	0.00018	0.024730769230769	3.88125E-06	4.6575E-06	0.000639908653846
0.023496153846154	1.50E-04	0.00018	0.024738461538462	3.88125E-06	4.6575E-06	0.000640107692308
0.023492307692308	1.50E-04	0.00018	0.024746153846154	3.88125E-06	4.6575E-06	0.000640306730769
0.023488461538462	1.50E-04	0.00018	0.02475	3.88125E-06	4.6575E-06	0.00064040625
0.023484615384615	1.50E-04	0.00018	0.024757692307692	3.88125E-06	4.6575E-06	0.000640605288462
0.023480769230769	1.50E-04	0.00018	0.024761538461539	3.88125E-06	4.6575E-06	0.000640704807692
0.023476923076923	1.50E-04	0.00018	0.024769230769231	3.88125E-06	4.6575E-06	0.000640903846154
0.023473076923077	1.50E-04	0.00018	0.024773076923077	3.88125E-06	4.6575E-06	0.000641003365385
0.023469230769231	1.50E-04	0.00018	0.024780769230769	3.88125E-06	4.6575E-06	0.000641202403846
0.023465384615385	1.50E-04	0.00018	0.024788461538462	3.88125E-06	4.6575E-06	0.000641401442308
0.023461538461539	1.50E-04	0.00018	0.024792307692308	3.88125E-06	4.6575E-06	0.000641500961538
0.023457692307692	1.50E-04	0.00018	0.0248	3.88125E-06	4.6575E-06	0.0006417
0.023453846153846	1.50E-04	0.00018	0.024807692307692	3.88125E-06	4.6575E-06	0.000641899038462
0.02345	1.50E-04	0.00018	0.024811538461539	3.88125E-06	4.6575E-06	0.000641998557692
0.023446153846154	1.50E-04	0.00018	0.024819230769231	3.88125E-06	4.6575E-06	0.000642197596154
0.023442307692308	1.50E-04	0.00018	0.024823076923077	3.88125E-06	4.6575E-06	0.000642297115385
0.023438461538462	1.50E-04	0.00018	0.024830769230769	3.88125E-06	4.6575E-06	0.000642496153846
0.023434615384615	1.50E-04	0.00018	0.024838461538462	3.88125E-06	4.6575E-06	0.000642695192308
0.023430769230769	1.50E-04	0.00018	0.024842307692308	3.88125E-06	4.6575E-06	0.000642794711538
0.023426923076923	1.50E-04	0.00018	0.02485	3.88125E-06	4.6575E-06	0.00064299375
0.023419230769231	1.50E-04	0.00018	0.024857692307692	3.88125E-06	4.6575E-06	0.000643192788462
0.023415384615385	1.50E-04	0.00018	0.024861538461539	3.88125E-06	4.6575E-06	0.000643292307692
0.023411538461539	1.50E-04	0.00018	0.024869230769231	3.88125E-06	4.6575E-06	0.000643491346154
0.023407692307692	1.50E-04	0.00018	0.024876923076923	3.88125E-06	4.6575E-06	0.000643690384615
0.023403846153846	1.50E-04	0.00018	0.024880769230769	3.88125E-06	4.6575E-06	0.000643789903846
0.0234	1.50E-04	0.00018	0.024888461538462	3.88125E-06	4.6575E-06	0.000643988942308
0.023396153846154	1.50E-04	0.00018	0.024896153846154	3.88125E-06	4.6575E-06	0.000644187980769
0.023392307692308	1.50E-04	0.00018	0.0249	3.88125E-06	4.6575E-06	0.0006442875
0.023388461538462	1.50E-04	0.00018	0.024907692307692	3.88125E-06	4.6575E-06	0.000644486538462
0.023384615384615	1.50E-04	0.00018	0.024915384615385	3.88125E-06	4.6575E-06	0.000644685576923
0.023380769230769	1.50E-04	0.00018	0.024919230769231	3.88125E-06	4.6575E-06	0.000644785096154
0.023376923076923	1.50E-04	0.00018	0.024926923076923	3.88125E-06	4.6575E-06	0.000644984134615
0.023373076923077	1.50E-04	0.00018	0.024934615384615	3.88125E-06	4.6575E-06	0.000645183173077
0.023369230769231	1.50E-04	0.00018	0.024938461538462	3.88125E-06	4.6575E-06	0.000645282692308
0.023365384615385	1.50E-04	0.00018	0.024946153846154	3.88125E-06	4.6575E-06	0.000645481730769
0.023361538461539	1.50E-04	0.00018	0.024953846153846	3.88125E-06	4.6575E-06	0.000645680769231
0.023357692307692	1.50E-04	0.00018	0.024961538461539	3.88125E-06	4.6575E-06	0.000645879807692
0.023353846153846	1.50E-04	0.00018	0.024965384615385	3.88125E-06	4.6575E-06	0.000645979326923
0.02335	1.50E-04	0.00018	0.024973076923077	3.88125E-06	4.6575E-06	0.000646178365385
0.023346153846154	1.50E-04	0.00018	0.024980769230769	3.88125E-06	4.6575E-06	0.000646377403846
0.023342307692308	1.50E-04	0.00018	0.024984615384615	3.88125E-06	4.6575E-06	0.000646476923077
0.023338461538462	1.50E-04	0.00018	0.024992307692308	3.88125E-06	4.6575E-06	0.000646675961538
0.023338461538462	1.50E-04	0.00018	0.025	3.88125E-06	4.6575E-06	0.000646875
0.023334615384615	1.50E-04	0.00018	0.025007692307692	3.88125E-06	4.6575E-06	0.000647074038462
0.023330769230769	1.50E-04	0.00018	0.025011538461539	3.88125E-06	4.6575E-06	0.000647173557692
0.023326923076923	1.50E-04	0.00018	0.025019230769231	3.88125E-06	4.6575E-06	0.000647372596154
0.023323076923077	1.50E-04	0.00018	0.025026923076923	3.88125E-06	4.6575E-06	0.000647571634615
0.023319230769231	1.50E-04	0.00018	0.025034615384615	3.88125E-06	4.6575E-06	0.000647770673077
0.023315384615385	1.50E-04	0.00018	0.025038461538462	3.88125E-06	4.6575E-06	0.000647870192308
0.023311538461539	1.50E-04	0.00018	0.025046153846154	3.88125E-06	4.6575E-06	0.000648069230769
0.023307692307692	1.50E-04	0.00018	0.025053846153846	3.88125E-06	4.6575E-06	0.000648268269231
0.023303846153846	1.50E-04	0.00018	0.025061538461539	3.88125E-06	4.6575E-06	0.000648467307692
0.0233	1.50E-04	0.00018	0.025065384615385	3.88125E-06	4.6575E-06	0.000648566826923
0.023296153846154	1.50E-04	0.00018	0.025073076923077	3.88125E-06	4.6575E-06	0.000648765865385
0.023292307692308	1.50E-04	0.00018	0.025080769230769	3.88125E-06	4.6575E-06	0.000648964903846
0.023288461538462	1.50E-04	0.00018	0.025088461538462	3.88125E-06	4.6575E-06	0.000649163942308
0.023284615384615	1.50E-04	0.00018	0.025092307692308	3.88125E-06	4.6575E-06	0.000649263461538
0.023280769230769	1.50E-04	0.00018	0.0251	3.88125E-06	4.6575E-06	0.0006494625
0.023276923076923	1.50E-04	0.00018	0.025107692307692	3.88125E-06	4.6575E-06	0.000649661538462
0.023273076923077	1.50E-04	0.00018	0.025115384615385	3.88125E-06	4.6575E-06	0.000649860576923
0.023269230769231	1.50E-04	0.00018	0.025123076923077	3.88125E-06	4.6575E-06	0.000650059615385
0.023265384615385	1.50E-04	0.00018	0.025126923076923	3.88125E-06	4.6575E-06	0.000650159134615
0.023261538461539	1.50E-04	0.00018	0.025134615384615	3.88125E-06	4.6575E-06	0.000650358173077
0.023257692307692	1.50E-04	0.00018	0.025142307692308	3.88125E-06	4.6575E-06	0.000650557211538
0.023253846153846	1.50E-04	0.00018	0.02515	3.88125E-06	4.6575E-06	0.00065075625
0.02325	1.50E-04	0.00018	0.025157692307692	3.88125E-06	4.6575E-06	0.000650955288462
0.023246153846154	1.50E-04	0.00018	0.025161538461539	3.88125E-06	4.6575E-06	0.000651054807692
0.023242307692308	1.50E-04	0.00018	0.025169230769231	3.88125E-06	4.6575E-06	0.000651253846154
0.023238461538462	1.50E-04	0.00018	0.025176923076923	3.88125E-06	4.6575E-06	0.000651452884615
0.023230769230769	1.50E-04	0.00018	0.025184615384615	3.88125E-06	4.6575E-06	0.000651651923077
0.023226923076923	1.50E-04	0.00018	0.025188461538462	3.88125E-06	4.6575E-06	0.000651751442308
0.023223076923077	1.50E-04	0.00018	0.025196153846154	3.88125E-06	4.6575E-06	0.000651950480769
0.023219230769231	1.50E-04	0.00018	0.025203846153846	3.88125E-06	4.6575E-06	0.000652149519231
0.023215384615385	1.50E-04	0.00018	0.025211538461539	3.88125E-06	4.6575E-06	0.000652348557692
0.023211538461539	1.50E-04	0.00018	0.025219230769231	3.88125E-06	4.6575E-06	0.000652547596154
0.023211538461539	1.50E-04	0.00018	0.025226923076923	3.88125E-06	4.6575E-06	0.000652746634615
0.023207692307692	1.50E-04	0.00018	0.025230769230769	3.88125E-06	4.6575E-06	0.000652846153846
0.023203846153846	1.50E-04	0.00018	0.025238461538462	3.88125E-06	4.6575E-06	0.000653045192308
0.0232	1.50E-04	0.00018	0.025246153846154	3.88125E-06	4.6575E-06	0.000653244230769
0.023196153846154	1.50E-04	0.00018	0.025253846153846	3.88125E-06	4.6575E-06	0.000653443269231
0.023192307692308	1.50E-04	0.00018	0.025261538461539	3.88125E-06	4.6575E-06	0.000653642307692
0.023188461538462	1.50E-04	0.00018	0.025269230769231	3.88125E-06	4.6575E-06	0.000653841346154
0.023184615384615	1.50E-04	0.00018	0.025276923076923	3.88125E-06	4.6575E-06	0.000654040384615
0.023180769230769	1.50E-04	0.00018	0.025284615384615	3.88125E-06	4.6575E-06	0.000654239423077
0.023176923076923	1.50E-04	0.00018	0.025288461538462	3.88125E-06	4.6575E-06	0.000654338942308
0.023173076923077	1.50E-04	0.00018	0.025296153846154	3.88125E-06	4.6575E-06	0.000654537980769
0.023169230769231	1.50E-04	0.00018	0.025303846153846	3.88125E-06	4.6575E-06	0.000654737019231
0.023165384615385	1.50E-04	0.00018	0.025311538461539	3.88125E-06	4.6575E-06	0.000654936057692
0.023161538461539	1.50E-04	0.00018	0.025319230769231	3.88125E-06	4.6575E-06	0.000655135096154
0.023157692307692	1.50E-04	0.00018	0.025326923076923	3.88125E-06	4.6575E-06	0.000655334134615
0.023153846153846	1.50E-04	0.00018	0.025334615384615	3.88125E-06	4.6575E-06	0.000655533173077
0.02315	1.50E-04	0.00018	0.025342307692308	3.88125E-06	4.6575E-06	0.000655732211538
0.023146153846154	1.50E-04	0.00018	0.025346153846154	3.88125E-06	4.6575E-06	0.000655831730769
0.023146153846154	1.50E-04	0.00018	0.025353846153846	3.88125E-06	4.6575E-06	0.000656030769231
0.023142307692308	1.50E-04	0.00018	0.025361538461539	3.88125E-06	4.6575E-06	0.000656229807692
0.023138461538462	1.50E-04	0.00018	0.025369230769231	3.88125E-06	4.6575E-06	0.000656428846154
0.023134615384615	1.50E-04	0.00018	0.025376923076923	3.88125E-06	4.6575E-06	0.000656627884615
0.023130769230769	1.50E-04	0.00018	0.025384615384615	3.88125E-06	4.6575E-06	0.000656826923077
0.023126923076923	1.50E-04	0.00018	0.025392307692308	3.88125E-06	4.6575E-06	0.000657025961538
0.023123076923077	1.50E-04	0.00018	0.0254	3.88125E-06	4.6575E-06	0.000657225
0.023119230769231	1.50E-04	0.00018	0.025407692307692	3.88125E-06	4.6575E-06	0.000657424038462
0.023115384615385	1.50E-04	0.00018	0.025415384615385	3.88125E-06	4.6575E-06	0.000657623076923
0.023111538461539	1.50E-04	0.00018	0.025423076923077	3.88125E-06	4.6575E-06	0.000657822115385
0.023107692307692	1.50E-04	0.00018	0.025430769230769	3.88125E-06	4.6575E-06	0.000658021153846
0.023103846153846	1.50E-04	0.00018	0.025438461538462	3.88125E-06	4.6575E-06	0.000658220192308
0.0231	1.50E-04	0.00018	0.025442307692308	3.88125E-06	4.6575E-06	0.000658319711538
0.023096153846154	1.50E-04	0.00018	0.02545	3.88125E-06	4.6575E-06	0.00065851875
0.023096153846154	1.50E-04	0.00018	0.025457692307692	3.88125E-06	4.6575E-06	0.000658717788462
0.023092307692308	1.50E-04	0.00018	0.025465384615385	3.88125E-06	4.6575E-06	0.000658916826923
0.023088461538462	1.50E-04	0.00018	0.025473076923077	3.88125E-06	4.6575E-06	0.000659115865385
0.023084615384615	1.50E-04	0.00018	0.025480769230769	3.88125E-06	4.6575E-06	0.000659314903846
0.023080769230769	1.50E-04	0.00018	0.025488461538462	3.88125E-06	4.6575E-06	0.000659513942308
0.023076923076923	1.50E-04	0.00018	0.025496153846154	3.88125E-06	4.6575E-06	0.000659712980769
0.023073076923077	1.50E-04	0.00018	0.025503846153846	3.88125E-06	4.6575E-06	0.000659912019231
0.023069230769231	1.50E-04	0.00018	0.025511538461539	3.88125E-06	4.6575E-06	0.000660111057692
0.023065384615385	1.50E-04	0.00018	0.025519230769231	3.88125E-06	4.6575E-06	0.000660310096154
0.023061538461539	1.50E-04	0.00018	0.025526923076923	3.88125E-06	4.6575E-06	0.000660509134615
0.023057692307692	1.50E-04	0.00018	0.025534615384615	3.88125E-06	4.6575E-06	0.000660708173077
0.023053846153846	1.50E-04	0.00018	0.025542307692308	3.88125E-06	4.6575E-06	0.000660907211538
0.023053846153846	1.50E-04	0.00018	0.02555	3.88125E-06	4.6575E-06	0.00066110625
0.02305	1.50E-04	0.00018	0.025557692307692	3.88125E-06	4.6575E-06	0.000661305288462
0.023046153846154	1.50E-04	0.00018	0.025565384615385	3.88125E-06	4.6575E-06	0.000661504326923
0.023042307692308	1.50E-04	0.00018	0.025573076923077	3.88125E-06	4.6575E-06	0.000661703365385
0.023038461538462	1.50E-04	0.00018	0.025580769230769	3.88125E-06	4.6575E-06	0.000661902403846
0.023034615384615	1.50E-04	0.00018	0.025588461538462	3.88125E-06	4.6575E-06	0.000662101442308
0.023030769230769	1.50E-04	0.00018	0.025596153846154	3.88125E-06	4.6575E-06	0.000662300480769
0.023026923076923	1.50E-04	0.00018	0.025603846153846	3.88125E-06	4.6575E-06	0.000662499519231
0.023023076923077	1.50E-04	0.00018	0.025611538461539	3.88125E-06	4.6575E-06	0.000662698557692
0.023019230769231	1.50E-04	0.00018	0.025619230769231	3.88125E-06	4.6575E-06	0.000662897596154
0.023015384615385	1.50E-04	0.00018	0.025626923076923	3.88125E-06	4.6575E-06	0.000663096634615
0.023015384615385	1.50E-04	0.00018	0.025634615384615	3.88125E-06	4.6575E-06	0.000663295673077
0.023011538461539	1.50E-04	0.00018	0.025642307692308	3.88125E-06	4.6575E-06	0.000663494711538
0.023007692307692	1.50E-04	0.00018	0.02565	3.88125E-06	4.6575E-06	0.00066369375
0.023003846153846	1.50E-04	0.00018	0.025657692307692	3.88125E-06	4.6575E-06	0.000663892788462
0.023	1.50E-04	0.00018	0.025665384615385	3.88125E-06	4.6575E-06	0.000664091826923
0.022996153846154	1.50E-04	0.00018	0.025673076923077	3.88125E-06	4.6575E-06	0.000664290865385
0.022992307692308	1.50E-04	0.00018	0.025680769230769	3.88125E-06	4.6575E-06	0.000664489903846
0.022988461538462	1.50E-04	0.00018	0.025688461538462	3.88125E-06	4.6575E-06	0.000664688942308
0.022984615384615	1.50E-04	0.00018	0.025696153846154	3.88125E-06	4.6575E-06	0.000664887980769
0.022980769230769	1.50E-04	0.00018	0.025703846153846	3.88125E-06	4.6575E-06	0.000665087019231
0.022980769230769	1.50E-04	0.00018	0.025711538461539	3.88125E-06	4.6575E-06	0.000665286057692
0.022976923076923	1.50E-04	0.00018	0.025719230769231	3.88125E-06	4.6575E-06	0.000665485096154
0.022973076923077	1.50E-04	0.00018	0.025730769230769	3.88125E-06	4.6575E-06	0.000665783653846
0.022969230769231	1.50E-04	0.00018	0.025738461538462	3.88125E-06	4.6575E-06	0.000665982692308
0.022965384615385	1.50E-04	0.00018	0.025746153846154	3.88125E-06	4.6575E-06	0.000666181730769
0.022961538461539	1.50E-04	0.00018	0.025753846153846	3.88125E-06	4.6575E-06	0.000666380769231
0.022957692307692	1.50E-04	0.00018	0.025761538461539	3.88125E-06	4.6575E-06	0.000666579807692
0.022953846153846	1.50E-04	0.00018	0.025769230769231	3.88125E-06	4.6575E-06	0.000666778846154
0.02295	1.50E-04	0.00018	0.025776923076923	3.88125E-06	4.6575E-06	0.000666977884615
0.02295	1.50E-04	0.00018	0.025784615384615	3.88125E-06	4.6575E-06	0.000667176923077
0.022946153846154	1.50E-04	0.00018	0.025792307692308	3.88125E-06	4.6575E-06	0.000667375961538
0.022942307692308	1.50E-04	0.00018	0.0258	3.88125E-06	4.6575E-06	0.000667575
0.022938461538462	1.50E-04	0.00018	0.025807692307692	3.88125E-06	4.6575E-06	0.000667774038462
0.022934615384615	1.50E-04	0.00018	0.025815384615385	3.88125E-06	4.6575E-06	0.000667973076923
0.022930769230769	1.50E-04	0.00018	0.025823076923077	3.88125E-06	4.6575E-06	0.000668172115385
0.022926923076923	1.50E-04	0.00018	0.025834615384615	3.88125E-06	4.6575E-06	0.000668470673077
0.022923076923077	1.50E-04	0.00018	0.025842307692308	3.88125E-06	4.6575E-06	0.000668669711538
0.022923076923077	1.50E-04	0.00018	0.02585	3.88125E-06	4.6575E-06	0.00066886875
0.022919230769231	1.50E-04	0.00018	0.025857692307692	3.88125E-06	4.6575E-06	0.000669067788462
0.022915384615385	1.50E-04	0.00018	0.025865384615385	3.88125E-06	4.6575E-06	0.000669266826923
0.022911538461539	1.50E-04	0.00018	0.025873076923077	3.88125E-06	4.6575E-06	0.000669465865385
0.022907692307692	1.50E-04	0.00018	0.025880769230769	3.88125E-06	4.6575E-06	0.000669664903846
0.022903846153846	1.50E-04	0.00018	0.025888461538462	3.88125E-06	4.6575E-06	0.000669863942308
0.0229	1.50E-04	0.00018	0.025896153846154	3.88125E-06	4.6575E-06	0.000670062980769
0.022896153846154	1.50E-04	0.00018	0.025903846153846	3.88125E-06	4.6575E-06	0.000670262019231
0.022892307692308	1.50E-04	0.00018	0.025915384615385	3.88125E-06	4.6575E-06	0.000670560576923
0.022892307692308	1.50E-04	0.00018	0.025923076923077	3.88125E-06	4.6575E-06	0.000670759615385
0.022888461538462	1.50E-04	0.00018	0.025930769230769	3.88125E-06	4.6575E-06	0.000670958653846
0.022884615384615	1.50E-04	0.00018	0.025938461538462	3.88125E-06	4.6575E-06	0.000671157692308
0.022880769230769	1.50E-04	0.00018	0.025946153846154	3.88125E-06	4.6575E-06	0.000671356730769
0.022876923076923	1.50E-04	0.00018	0.025953846153846	3.88125E-06	4.6575E-06	0.000671555769231
0.022873076923077	1.50E-04	0.00018	0.025961538461539	3.88125E-06	4.6575E-06	0.000671754807692
0.022869230769231	1.50E-04	0.00018	0.025973076923077	3.88125E-06	4.6575E-06	0.000672053365385
0.022865384615385	1.50E-04	0.00018	0.025980769230769	3.88125E-06	4.6575E-06	0.000672252403846
0.022865384615385	1.50E-04	0.00018	0.025988461538462	3.88125E-06	4.6575E-06	0.000672451442308
0.022857692307692	1.50E-04	0.00018	0.025996153846154	3.88125E-06	4.6575E-06	0.000672650480769
0.022853846153846	1.50E-04	0.00018	0.026003846153846	3.88125E-06	4.6575E-06	0.000672849519231
0.02285	1.50E-04	0.00018	0.026011538461539	3.88125E-06	4.6575E-06	0.000673048557692
0.022846153846154	1.50E-04	0.00018	0.026019230769231	3.88125E-06	4.6575E-06	0.000673247596154
0.022842307692308	1.50E-04	0.00018	0.026030769230769	3.88125E-06	4.6575E-06	0.000673546153846
0.022842307692308	1.50E-04	0.00018	0.026038461538462	3.88125E-06	4.6575E-06	0.000673745192308
0.022838461538462	1.50E-04	0.00018	0.026046153846154	3.88125E-06	4.6575E-06	0.000673944230769
0.022834615384615	1.50E-04	0.00018	0.026053846153846	3.88125E-06	4.6575E-06	0.000674143269231
0.022830769230769	1.50E-04	0.00018	0.026061538461539	3.88125E-06	4.6575E-06	0.000674342307692
0.022826923076923	1.50E-04	0.00018	0.026069230769231	3.88125E-06	4.6575E-06	0.000674541346154
0.022823076923077	1.50E-04	0.00018	0.026080769230769	3.88125E-06	4.6575E-06	0.000674839903846
0.022819230769231	1.50E-04	0.00018	0.026088461538462	3.88125E-06	4.6575E-06	0.000675038942308
0.022819230769231	1.50E-04	0.00018	0.026096153846154	3.88125E-06	4.6575E-06	0.000675237980769
0.022815384615385	1.50E-04	0.00018	0.026103846153846	3.88125E-06	4.6575E-06	0.000675437019231
0.022811538461539	1.50E-04	0.00018	0.026111538461539	3.88125E-06	4.6575E-06	0.000675636057692
0.022807692307692	1.50E-04	0.00018	0.026123076923077	3.88125E-06	4.6575E-06	0.000675934615385
0.022803846153846	1.50E-04	0.00018	0.026130769230769	3.88125E-06	4.6575E-06	0.000676133653846
0.0228	1.50E-04	0.00018	0.026138461538462	3.88125E-06	4.6575E-06	0.000676332692308
0.022796153846154	1.50E-04	0.00018	0.026146153846154	3.88125E-06	4.6575E-06	0.000676531730769
0.022796153846154	1.50E-04	0.00018	0.026153846153846	3.88125E-06	4.6575E-06	0.000676730769231
0.022792307692308	1.50E-04	0.00018	0.026165384615385	3.88125E-06	4.6575E-06	0.000677029326923
0.022788461538462	1.50E-04	0.00018	0.026173076923077	3.88125E-06	4.6575E-06	0.000677228365385
0.022784615384615	1.50E-04	0.00018	0.026180769230769	3.88125E-06	4.6575E-06	0.000677427403846
0.022780769230769	1.50E-04	0.00018	0.026188461538462	3.88125E-06	4.6575E-06	0.000677626442308
0.022776923076923	1.50E-04	0.00018	0.026196153846154	3.88125E-06	4.6575E-06	0.000677825480769
0.022773076923077	1.50E-04	0.00018	0.026207692307692	3.88125E-06	4.6575E-06	0.000678124038462
0.022773076923077	1.50E-04	0.00018	0.026215384615385	3.88125E-06	4.6575E-06	0.000678323076923
0.022769230769231	1.50E-04	0.00018	0.026223076923077	3.88125E-06	4.6575E-06	0.000678522115385
0.022765384615385	1.50E-04	0.00018	0.026230769230769	3.88125E-06	4.6575E-06	0.000678721153846
0.022761538461539	1.50E-04	0.00018	0.026242307692308	3.88125E-06	4.6575E-06	0.000679019711538
0.022757692307692	1.50E-04	0.00018	0.02625	3.88125E-06	4.6575E-06	0.00067921875
0.022753846153846	1.50E-04	0.00018	0.026257692307692	3.88125E-06	4.6575E-06	0.000679417788462
0.022753846153846	1.50E-04	0.00018	0.026265384615385	3.88125E-06	4.6575E-06	0.000679616826923
0.02275	1.50E-04	0.00018	0.026273076923077	3.88125E-06	4.6575E-06	0.000679815865385
0.022746153846154	1.50E-04	0.00018	0.026284615384615	3.88125E-06	4.6575E-06	0.000680114423077
0.022742307692308	1.50E-04	0.00018	0.026292307692308	3.88125E-06	4.6575E-06	0.000680313461538
0.022738461538462	1.50E-04	0.00018	0.0263	3.88125E-06	4.6575E-06	0.0006805125

