0.000000000000000000e+00
1.344852591574823985e-06
2.402960441104240193e-06
2.858445354272397336e-06
2.419060889570535300e-06
8.109979359753473972e-07
-2.100952168317651344e-09
-2.726901226291095905e-09
-3.193013076434012787e-09
-3.583302553015103327e-09
-3.970169794584138843e-09
-4.353136226155124803e-09
-4.731659289964605476e-09
-5.104725949276793883e-09
-5.471257238070597183e-09
-5.827969615352333579e-09
-6.169854510580922099e-09
-6.485551953599557919e-09
-6.389284994057647831e-09
1.233352248116591615e-08
3.935909834452300954e-06
1.888806033910812344e-03
1.983989757921736461e-03
6.154362227980692403e-05
2.368196023303143473e-06
1.503331515102483250e-07
1.389690696822517242e-08
-8.899609905502316109e-10
-3.371035977231107874e-09
-2.968951445337521014e-09
3.556468283694836725e-09
6.859100931464345254e-08
1.425683719462636144e-06
6.811226625015351734e-05
2.142093887761337828e-03
9.965719827889274116e-04
7.643985175765875275e-05
6.848115660480165375e-06
8.709923082436780916e-07
1.554797549482467878e-07
3.730856716090293226e-08
1.057771972716884861e-08
2.774374792773569931e-09
2.190517026337861949e-10
-1.995696549310207657e-10
1.084316157690174748e-09
4.857699615156181965e-09
1.386559390286794881e-08
3.541504402887880478e-08
8.797807336017317484e-08
2.162222565590076962e-07
5.178013869710386662e-07
1.170794398454285881e-06
2.402752863108829653e-06
4.279472130126482112e-06
6.338932586842882309e-06
7.474655513826814767e-06
6.722905080986880038e-06
4.572170401380331052e-06
2.304456460687401700e-06
8.404936739738357518e-07
2.151732316590324573e-07
3.499352868309831370e-08
-5.234511092369197524e-11
-4.674353278563909224e-09
-4.951300883161557347e-09
-4.791371605526087473e-09
-4.591586142289161581e-09
-4.380480984514225672e-09
-4.158432192876855295e-09
-3.925689148095975870e-09
-3.682716415288137749e-09
-3.429665287218326135e-09
-3.166806002866608592e-09
-2.894424222693963680e-09
-2.612774961869384793e-09
-2.322141104083976744e-09
-2.022818537460935568e-09
-1.715096914890366734e-09
-1.399274400343192298e-09
-1.075668682566520771e-09
-7.446001704501708444e-10
-4.063934187961588844e-10
-6.138155707401883490e-11
2.901004846091935055e-10
6.476967715069710103e-10
1.011029541829281791e-09
1.379711088580264710e-09
1.753325413853548485e-09
2.131563894508692053e-09
2.514410817859954445e-09
2.901423660580696780e-09
3.291950658190939492e-09
3.685610481736423458e-09
4.082069301436095902e-09
4.480923719161285902e-09
4.881319408590431205e-09
5.282197967370249392e-09
5.681262014405284711e-09
6.072966886954787070e-09
6.447466178412634418e-09
6.413747050531719964e-09
-2.233889367123184935e-08
-1.403478596290666362e-05
-4.279298141018540551e-03
-9.936201032722134438e-04
-1.723848394532200793e-05
-5.061855094845071566e-07
-2.472025520266830693e-08
1.540671818894842506e-09
4.460162686007931881e-09
4.561563254804271114e-09
-1.533243773943409049e-09
-1.727108793506693125e-07
-2.054084688954732057e-05
-2.983397894436738695e-03
-1.197757072903399712e-03
-4.260735462938441845e-05
-2.412698823898164796e-06
-2.830262628283879589e-07
-7.490861999527868857e-08
-5.341885543558466177e-08
-1.247318362137239046e-07
-9.222306077047139405e-07
-2.289956897735486414e-05
-1.178223747372633126e-03
-1.809924567921883214e-03
-1.618032802138637727e-04
-1.546617398454788283e-05
-2.613812858943608807e-06
-8.602945999976616001e-07
-5.736752568830722229e-07
-8.096858924194755114e-07
-2.474920434338915268e-06
-1.600548757578336724e-05
-2.010908208163869333e-04
-1.404459037279767643e-03
-7.399696371507584122e-04
-1.205269137213850033e-04
-2.097237683834300958e-05
-4.985176016678268796e-06
-1.665167195455850544e-06
-7.674636655822457611e-07
-4.758199340467910601e-07
-3.850037377544869446e-07
-3.999809104238480121e-07
-5.166331848891054414e-07
-7.914245556770603098e-07
-1.375084267013455935e-06
-2.594472140330873143e-06
-5.066438325402154622e-06
-9.727780189819074385e-06
-1.733965752582105038e-05
-2.698121548451957251e-05
-3.435723886651429262e-05
-3.381849232248680144e-05
-2.525358882156835734e-05
-1.432731144766155194e-05
-6.134060645361558264e-06
-1.962261586092874654e-06
-4.591207917924029834e-07
-7.451898471764342550e-08
-4.776554465618638815e-09
4.239113119230000002e-09
4.937333200968850322e-09
4.817232101543695800e-09
4.629606231067903880e-09
4.429467099993588847e-09
4.218200071953109781e-09
3.995990212796109397e-09
3.763279579984811771e-09
3.520294304020306408e-09
3.267233819157747076e-09
3.004385059447628350e-09
2.732002248062660669e-09
2.450356153924308833e-09
2.159731880003076332e-09
1.860412882858984762e-09
1.552692525229749125e-09
1.236873421306243324e-09
9.132730928153407547e-10
5.822065782968468690e-10
2.440018746513873294e-10
-1.010117476831473900e-10
-4.524924804964433948e-10
-8.100770977524990571e-10
-1.173385487412016135e-09
-1.542017658184653023e-09
-1.915572767076971570e-09
-2.293933567444131164e-09
-2.676902097741804762e-09
-3.063924528686513722e-09
-3.454431821113270409e-09
-3.848103876216161854e-09
-4.244554825737882409e-09
-4.643346940669114373e-09
-5.043344140448261494e-09
-5.443405760170033237e-09
-5.839531233178755311e-09
-6.225368153569162964e-09
-6.557432547322649782e-09
-5.058853950599691652e-09
2.876908683287699384e-07
2.822158379698938265e-04
3.994645549034285710e-03
2.209855119802294648e-04
4.481296109568986706e-06
1.500463441653069462e-07
6.175954903875475865e-09
-3.567335613833574644e-09
-4.910116477340927038e-09
-4.151479850315576200e-09
1.222844466004436716e-08
7.675866558391316607e-07
1.678699841384456107e-04
3.931006129458301628e-03
3.719602503301835126e-04
1.398941961403128225e-05
9.545211629279724841e-07
1.400972930995124924e-07
4.944804419666432271e-08
5.239160816988580265e-08
1.848915151732299901e-07
2.067326369957869678e-06
8.024555688566934809e-05
2.406320418796844846e-03
9.390732396514233932e-04
7.022742654529463998e-05
7.674405009268389606e-06
1.546133407264357566e-06
6.257953702194360000e-07
5.235718580728862711e-07
9.554022111834494085e-07
3.793408282716576897e-06
3.222052436504285505e-05
4.580800936898752262e-04
1.532509770824254510e-03
4.249896536396945818e-04
6.455075753152462060e-05
1.205688340721511606e-05
3.173017646745439608e-06
1.181580495171055040e-06
6.097249852854336528e-07
4.245912291945194523e-07
3.885757864836405293e-07
4.611214693142093310e-07
6.787704858699413189e-07
1.184264363398649958e-06
2.346459049176149713e-06
5.031604456493491872e-06
1.107932458956995587e-05
2.353188917723472975e-05
4.447623065159787039e-05
6.786834050745863618e-05
7.633067752493622913e-05
6.066207882285795232e-05
3.511454468120192546e-05
1.519829493004648078e-05
4.988151937416816000e-06
1.232962974278940694e-06
2.236306369595961108e-07
2.637839458800145049e-08
-1.963356048153932754e-09
-4.823972422268013296e-09
-4.889811670446412303e-09
-4.723753465154537581e-09
-4.534788961160082894e-09
-4.334547845233350447e-09
-4.123177956416185645e-09
-3.900946077953808456e-09
-3.668264707394946861e-09
-3.425256072280933465e-09
-3.172194362825214668e-09
-2.909349642801913581e-09
-2.636968530504840437e-09
-2.355325281987623647e-09
-2.064704324988260082e-09
-1.765388384987471298e-09
-1.457668787939671744e-09
-1.141852005203515051e-09
-8.182524704977461974e-10
-4.871870636172495313e-10
-1.489838862752366131e-10
1.960316176671967899e-10
5.475106920511082493e-10
9.050847299228008045e-10
1.268372994971814067e-09
1.636969142129995949e-09
2.010505033082369755e-09
2.388960562854314919e-09
2.772005404117772925e-09
3.159002076418275802e-09
3.549501363186681934e-09
3.943175276892404954e-09
4.339643418828315674e-09
4.738321449058063668e-09
5.138062029983725722e-09
5.537417216151536943e-09
5.931727508517088108e-09
6.314601276917327405e-09
6.588738769300039185e-09
1.389350765210476893e-09
-1.254613790821642784e-06
-1.368883225958592974e-03
-2.463675853168863922e-03
-7.015857486978158066e-05
-1.812305693959010492e-06
-6.992614744082337256e-08
-1.187680728660711790e-09
4.270876812595298297e-09
5.079499007491785331e-09
3.669707812614524875e-09
-2.579855447501632667e-08
-1.904744213577928811e-06
-5.426909082271546940e-04
-3.142118363426263210e-03
-1.731372241540678853e-04
-7.261328718813469724e-06
-5.638737159329634429e-07
-9.501561310467864210e-08
-3.977020157799682648e-08
-5.214520215564252204e-08
-2.266835642516377128e-07
-3.190440820131892172e-06
-1.537830314545421786e-04
-2.775447459882121864e-03
-6.305222902404334718e-04
-4.633551971350860038e-05
-5.407823948358240060e-06
-1.184004093940619644e-06
-5.270002618551228411e-07
-4.889388412101421647e-07
-9.972030987767041961e-07
-4.445645492552324463e-06
-4.257701695704759176e-05
-6.174536194802605037e-04
-1.467649139170322525e-03
-3.344853582136870455e-04
-5.015895572754014821e-05
-9.589595977357607748e-06
-2.604080113178626485e-06
-1.002361425957642180e-06
-5.354568852372211934e-07
-3.864054976942480570e-07
-3.677363296442737544e-07
-4.545143830915136802e-07
-6.967826317585195243e-07
-1.266222578809856459e-06
-2.612175922978625298e-06
-5.827731331359735274e-06
-1.331675128093494523e-05
-2.912898488193812606e-05
-5.571742941470403995e-05
-8.338636336189239118e-05
-8.851609646201535452e-05
-6.511946625452213089e-05
-3.464436012308811784e-05
-1.382084836990238602e-05
-4.199135197939533015e-06
-9.639615829550654140e-07
-1.624391138801755490e-07
-1.655242808667236743e-08
3.074081878986326862e-09
4.890129002893826893e-09
4.867175914658956990e-09
4.695391738504150726e-09
4.506415758543129768e-09
4.306152225788774564e-09
4.094751782343405383e-09
3.872523172918229550e-09
3.639842898832276791e-09
3.396831223597882666e-09
3.143768267090576800e-09
2.880924904614694149e-09
2.608545507664781149e-09
2.326902678499378817e-09
2.036282706195098014e-09
1.736967563059983799e-09
1.429248578471448690e-09
1.113431958729026644e-09
7.898321038074619001e-10
4.587676693049508615e-10
1.205635979197819542e-10
-2.244524913823174325e-10
-5.759308888948873529e-10
-9.334995357489043343e-10
-1.296778846896637946e-09
-1.665358395924036546e-09
-2.038893862073862572e-09
-2.417387970053346861e-09
-2.800461522473775246e-09
-3.187444530347631362e-09
-3.577940038811975830e-09
-3.971611262462447125e-09
-4.368082482236764991e-09
-4.766712019947652988e-09
-5.166374487608981666e-09
-5.565472997884124869e-09
-5.959474339285727676e-09
-6.341826765850051093e-09
0.000000000000000000e+00
0.000000000000000000e+00
0.000000000000000000e+00
0.000000000000000000e+00
0.000000000000000000e+00
