2.016484e+04
1.931672e+04
1.951120e+04
1.963159e+04
1.971097e+04
1.976257e+04
1.979597e+04
1.981727e+04
1.983064e+04
1.983888e+04
1.984386e+04
1.984681e+04
1.984852e+04
1.984949e+04
1.985003e+04
1.985032e+04
1.985048e+04
1.985056e+04
1.985060e+04
1.985062e+04
1.985063e+04
1.985063e+04
1.985063e+04
1.985063e+04
1.985064e+04
1.985064e+04
1.985064e+04
1.985064e+04
1.985064e+04
1.985064e+04
1.985064e+04
1.985064e+04
1.985064e+04
1.985064e+04
1.985064e+04
1.985064e+04
1.985064e+04
1.985064e+04
1.985064e+04
1.985064e+04
1.985064e+04
1.985064e+04
1.985064e+04
1.985064e+04
1.985064e+04
1.985064e+04
1.985064e+04
1.985064e+04
1.985064e+04
1.985064e+04
1.985064e+04
1.985064e+04
1.985064e+04
1.985064e+04
1.985064e+04
1.985064e+04
1.985064e+04
1.985064e+04
1.985064e+04
1.985064e+04
1.985064e+04
1.985064e+04
1.985064e+04
1.985064e+04
1.985064e+04
1.985064e+04
1.985064e+04
1.985064e+04
1.985064e+04
1.985064e+04
1.985064e+04
1.985064e+04
1.985064e+04
1.985064e+04
1.985064e+04
1.985064e+04
1.985064e+04
1.985064e+04
1.985064e+04
1.985064e+04
1.985064e+04
1.985064e+04
1.985064e+04
1.985064e+04
1.985064e+04
1.985064e+04
1.985064e+04
1.985064e+04
1.985064e+04
1.985064e+04
1.985064e+04
1.985064e+04
1.985064e+04
1.985064e+04
1.985064e+04
1.985064e+04
1.985064e+04
1.985064e+04
1.985064e+04
1.985064e+04
1.985064e+04
1.985064e+04
1.985064e+04
1.985064e+04
1.985064e+04
1.985064e+04
1.985064e+04
1.985064e+04
1.985064e+04
1.985064e+04
1.985064e+04
1.985064e+04
1.985064e+04
1.985064e+04
1.985064e+04
1.985064e+04
1.985064e+04
1.985064e+04
1.985064e+04
1.985064e+04
1.985064e+04
1.985064e+04
1.985064e+04
1.985064e+04
1.985064e+04
1.985064e+04
1.985064e+04
1.985064e+04
1.985064e+04
1.985064e+04
1.985064e+04
1.985064e+04
1.985064e+04
1.985064e+04
1.985064e+04
1.985064e+04
1.985064e+04
1.985064e+04
1.985064e+04
1.985064e+04
1.985064e+04
1.985064e+04
1.985064e+04
1.985064e+04
1.985064e+04
1.985064e+04
1.985064e+04
1.985064e+04
1.985064e+04
1.985064e+04
1.985064e+04
1.985064e+04
1.985064e+04
1.985064e+04
1.985064e+04
1.985064e+04
1.985064e+04
1.985064e+04
1.985064e+04
1.985064e+04
1.985064e+04
1.985064e+04
1.985064e+04
1.985064e+04
1.985064e+04
1.985064e+04
1.985064e+04
1.985064e+04
1.985064e+04
1.985064e+04
1.985064e+04
1.985064e+04
1.985064e+04
1.985064e+04
1.985064e+04
1.985064e+04
1.985064e+04
1.985064e+04
1.985064e+04
1.985064e+04
1.985064e+04
1.985064e+04
1.985064e+04
1.985064e+04
1.985064e+04
1.985064e+04
1.985064e+04
1.985064e+04
1.985064e+04
1.985064e+04
1.985064e+04
1.985064e+04
1.985064e+04
1.985064e+04
1.985064e+04
1.985064e+04
1.985064e+04
1.985064e+04
1.985064e+04
1.985064e+04
1.985064e+04
1.985064e+04
1.985064e+04
1.985064e+04
1.985064e+04
1.985064e+04
1.985064e+04
1.985064e+04
1.985064e+04
1.985064e+04
1.985064e+04
1.985064e+04
1.985064e+04
1.985064e+04
1.985064e+04
1.985064e+04
1.985064e+04
1.985064e+04
1.985064e+04
1.985064e+04
1.985064e+04
1.985064e+04
1.985064e+04
1.985064e+04
1.985064e+04
1.985064e+04
1.985064e+04
1.985064e+04
1.985064e+04
1.985064e+04
1.985064e+04
1.985064e+04
1.985064e+04
1.985064e+04
1.985064e+04
1.985064e+04
1.985064e+04
1.985064e+04
1.985064e+04
1.985064e+04
1.985064e+04
1.985064e+04
1.985064e+04
1.985064e+04
1.985064e+04
1.985064e+04
1.985064e+04
1.985064e+04
1.985064e+04
1.985064e+04
1.985064e+04
1.985064e+04
1.985064e+04
1.985064e+04
1.985064e+04
1.985064e+04
1.985064e+04
1.985064e+04
1.985064e+04
1.985064e+04
1.985064e+04
1.985064e+04
1.985064e+04
1.985064e+04
1.985064e+04
1.985064e+04
1.985064e+04
1.985064e+04
1.985064e+04
1.985064e+04
1.985064e+04
1.985065e+04
1.985067e+04
1.985070e+04
1.985075e+04
1.985086e+04
1.985105e+04
1.985138e+04
1.985195e+04
1.985292e+04
1.985451e+04
1.985708e+04
1.986111e+04
1.986731e+04
1.987659e+04
1.989017e+04
1.990959e+04
1.993665e+04
1.997349e+04
2.002242e+04
2.008585e+04
2.016611e+04
2.026525e+04
2.038483e+04
2.052572e+04
2.068795e+04
2.087071e+04
2.107232e+04
2.129050e+04
2.152243e+04
2.176580e+04
2.151266e+04
