0.000000e+00
0.000000e+00
0.000000e+00
0.000000e+00
0.000000e+00
0.000000e+00
0.000000e+00
0.000000e+00
0.000000e+00
0.000000e+00
0.000000e+00
0.000000e+00
0.000000e+00
0.000000e+00
0.000000e+00
-1.247422e-03
1.571178e-04
9.289582e-05
6.187776e-05
4.017165e-05
2.615265e-05
1.678635e-05
1.060382e-05
6.581846e-06
4.008891e-06
2.393299e-06
1.399130e-06
8.003463e-07
4.477088e-07
2.447993e-07
1.307893e-07
6.826140e-08
3.479769e-08
1.732447e-08
8.423485e-09
3.999962e-09
1.855155e-09
8.404418e-10
3.719576e-10
1.608431e-10
6.796851e-11
2.807296e-11
1.133515e-11
4.475191e-12
1.727971e-12
6.526529e-13
2.411950e-13
8.724832e-14
3.091530e-14
1.075066e-14
3.687780e-15
1.266660e-15
4.584200e-16
1.870600e-16
9.282000e-17
4.290000e-17
3.726000e-17
3.726000e-17
3.726000e-17
3.726000e-17
3.726000e-17
3.726000e-17
3.726000e-17
3.726000e-17
3.726000e-17
3.726000e-17
3.726000e-17
3.726000e-17
3.726000e-17
3.726000e-17
3.726000e-17
3.726000e-17
3.726000e-17
3.726000e-17
3.726000e-17
3.726000e-17
3.726000e-17
3.726000e-17
3.726000e-17
3.726000e-17
3.726000e-17
3.726000e-17
3.726000e-17
3.726000e-17
3.726000e-17
3.726000e-17
3.726000e-17
3.726000e-17
3.726000e-17
3.726000e-17
3.726000e-17
3.726000e-17
3.726000e-17
3.726000e-17
3.726000e-17
3.726000e-17
3.726000e-17
3.726000e-17
3.726000e-17
3.726000e-17
3.726000e-17
3.726000e-17
3.726000e-17
3.726000e-17
3.726000e-17
3.726000e-17
3.726000e-17
3.726000e-17
3.726000e-17
3.726000e-17
3.726000e-17
3.726000e-17
3.726000e-17
3.726000e-17
3.726000e-17
3.726000e-17
3.726000e-17
3.726000e-17
3.726000e-17
3.726000e-17
3.726000e-17
3.726000e-17
3.726000e-17
3.726000e-17
3.726000e-17
3.726000e-17
3.726000e-17
3.726000e-17
3.726000e-17
3.726000e-17
3.726000e-17
3.726000e-17
3.726000e-17
3.726000e-17
3.726000e-17
3.726000e-17
3.726000e-17
3.726000e-17
3.726000e-17
3.726000e-17
3.726000e-17
3.726000e-17
3.726000e-17
3.726000e-17
3.726000e-17
3.726000e-17
3.726000e-17
3.726000e-17
3.726000e-17
3.726000e-17
3.726000e-17
3.726000e-17
3.726000e-17
3.726000e-17
3.726000e-17
3.726000e-17
3.726000e-17
3.726000e-17
3.726000e-17
3.726000e-17
3.726000e-17
3.726000e-17
3.726000e-17
3.726000e-17
3.726000e-17
3.726000e-17
3.726000e-17
3.726000e-17
3.726000e-17
3.726000e-17
3.726000e-17
3.726000e-17
3.726000e-17
3.726000e-17
3.726000e-17
3.726000e-17
3.726000e-17
3.726000e-17
3.726000e-17
3.726000e-17
3.726000e-17
3.726000e-17
3.726000e-17
3.726000e-17
3.726000e-17
3.726000e-17
3.726000e-17
3.726000e-17
3.726000e-17
3.726000e-17
3.726000e-17
3.726000e-17
3.726000e-17
3.726000e-17
3.726000e-17
3.726000e-17
3.726000e-17
3.726000e-17
3.726000e-17
3.726000e-17
3.726000e-17
3.726000e-17
3.726000e-17
3.726000e-17
3.726000e-17
3.726000e-17
3.726000e-17
3.726000e-17
3.726000e-17
3.726000e-17
3.726000e-17
3.726000e-17
3.726000e-17
3.726000e-17
3.726000e-17
3.726000e-17
3.726000e-17
3.726000e-17
3.726000e-17
3.726000e-17
3.726000e-17
3.726000e-17
3.726000e-17
3.726000e-17
3.726000e-17
3.726000e-17
3.726000e-17
3.726000e-17
3.726000e-17
3.726000e-17
3.726000e-17
3.726000e-17
3.726000e-17
3.726000e-17
3.726000e-17
3.726000e-17
3.726000e-17
3.726000e-17
3.726000e-17
3.726000e-17
3.726000e-17
3.726000e-17
3.726000e-17
3.726000e-17
3.726000e-17
3.726000e-17
3.726000e-17
3.726000e-17
3.726000e-17
3.726000e-17
3.726000e-17
3.726000e-17
3.726000e-17
3.726000e-17
3.726000e-17
3.726000e-17
3.726000e-17
3.726000e-17
3.726000e-17
3.726000e-17
3.726000e-17
3.726000e-17
3.726000e-17
3.726000e-17
4.362000e-17
9.436000e-17
2.001000e-16
5.013400e-16
1.333560e-15
3.615920e-15
9.755480e-15
2.597648e-14
6.806244e-14
1.752654e-13
4.432987e-13
1.100923e-12
2.683836e-12
6.420707e-12
1.507076e-11
3.469794e-11
7.833930e-11
1.734017e-10
3.761955e-10
7.997381e-10
1.665494e-09
3.396923e-09
6.783630e-09
1.326047e-08
2.536666e-08
4.747486e-08
8.690609e-08
1.555662e-07
2.722415e-07
4.656567e-07
7.783101e-07
1.270930e-06
2.027146e-06
3.157619e-06
4.802510e-06
7.130808e-06
1.033489e-05
1.461878e-05
2.017932e-05
2.718041e-05
3.572262e-05
4.581862e-05
5.735924e-05
7.009271e-05
8.363154e-05
9.748280e-05
1.110760e-04
1.238684e-04
1.353196e-04
1.451526e-04
1.530130e-04
1.598481e-04
-4.852744e-04
0.000000e+00
0.000000e+00
0.000000e+00
0.000000e+00
0.000000e+00
0.000000e+00
0.000000e+00
0.000000e+00
0.000000e+00
0.000000e+00
0.000000e+00
0.000000e+00
0.000000e+00
0.000000e+00
0.000000e+00
