8.796228e+01
8.768141e+01
8.740055e+01
8.711968e+01
8.683881e+01
8.655795e+01
8.627708e+01
8.599622e+01
8.571535e+01
8.543448e+01
8.515362e+01
8.487275e+01
8.459189e+01
8.431102e+01
8.403015e+01
8.374929e+01
8.349421e+01
8.323589e+01
8.297564e+01
8.271412e+01
8.245176e+01
8.218887e+01
8.192562e+01
8.166216e+01
8.139856e+01
8.113488e+01
8.087115e+01
8.060739e+01
8.034362e+01
8.007983e+01
7.981604e+01
7.955225e+01
7.928845e+01
7.902466e+01
7.876086e+01
7.849707e+01
7.823327e+01
7.796947e+01
7.770568e+01
7.744188e+01
7.717809e+01
7.691429e+01
7.665050e+01
7.638670e+01
7.612290e+01
7.585911e+01
7.559531e+01
7.533152e+01
7.506772e+01
7.480392e+01
7.454013e+01
7.427633e+01
7.401254e+01
7.374874e+01
7.348495e+01
7.322115e+01
7.295735e+01
7.269356e+01
7.242976e+01
7.216597e+01
7.190217e+01
7.163837e+01
7.137458e+01
7.111078e+01
7.084699e+01
7.058319e+01
7.031940e+01
7.005560e+01
6.979180e+01
6.952801e+01
6.926421e+01
6.900042e+01
6.873662e+01
6.847282e+01
6.820903e+01
6.794523e+01
6.768144e+01
6.741764e+01
6.715385e+01
6.689005e+01
6.662625e+01
6.636246e+01
6.609866e+01
6.583487e+01
6.557107e+01
6.530727e+01
6.504348e+01
6.477968e+01
6.451589e+01
6.425209e+01
6.398830e+01
6.372450e+01
6.346070e+01
6.319691e+01
6.293311e+01
6.266932e+01
6.240552e+01
6.214173e+01
6.187793e+01
6.161413e+01
6.135034e+01
6.108654e+01
6.082275e+01
6.055895e+01
6.029515e+01
6.003136e+01
5.976756e+01
5.950377e+01
5.923997e+01
5.897618e+01
5.871238e+01
5.844858e+01
5.818479e+01
5.792099e+01
5.765720e+01
5.739340e+01
5.712960e+01
5.686581e+01
5.660201e+01
5.633822e+01
5.607442e+01
5.581063e+01
5.554683e+01
5.528303e+01
5.501924e+01
5.475544e+01
5.449165e+01
5.422785e+01
5.396405e+01
5.370026e+01
5.343646e+01
5.317267e+01
5.290887e+01
5.264508e+01
5.238128e+01
5.211748e+01
5.185369e+01
5.158989e+01
5.132610e+01
5.106230e+01
5.079850e+01
5.053471e+01
5.027091e+01
5.000712e+01
4.974332e+01
4.947953e+01
4.921573e+01
4.895193e+01
4.868814e+01
4.842434e+01
4.816055e+01
4.789675e+01
4.763296e+01
4.736916e+01
4.710536e+01
4.684157e+01
4.657777e+01
4.631398e+01
4.605018e+01
4.578638e+01
4.552259e+01
4.525879e+01
4.499500e+01
4.473120e+01
4.446741e+01
4.420361e+01
4.393981e+01
4.367602e+01
4.341222e+01
4.314843e+01
4.288463e+01
4.262083e+01
4.235704e+01
4.209324e+01
4.182945e+01
4.156565e+01
4.130186e+01
4.103806e+01
4.077426e+01
4.051047e+01
4.024667e+01
3.998288e+01
3.971908e+01
3.945528e+01
3.919149e+01
3.892769e+01
3.866390e+01
3.840010e+01
3.813631e+01
3.787251e+01
3.760871e+01
3.734492e+01
3.708112e+01
3.681733e+01
3.655353e+01
3.628973e+01
3.602594e+01
3.576214e+01
3.549835e+01
3.523455e+01
3.497076e+01
3.470696e+01
3.444316e+01
3.417937e+01
3.391557e+01
3.365178e+01
3.338798e+01
3.312418e+01
3.286039e+01
3.259659e+01
3.233280e+01
3.206900e+01
3.180521e+01
3.154141e+01
3.127761e+01
3.101382e+01
3.075002e+01
3.048623e+01
3.022243e+01
2.995864e+01
2.969484e+01
2.943104e+01
2.916725e+01
2.890345e+01
2.863966e+01
2.837586e+01
2.811206e+01
2.784827e+01
2.758447e+01
2.732068e+01
2.705688e+01
2.679309e+01
2.652929e+01
2.626549e+01
2.600170e+01
2.573790e+01
2.547411e+01
2.521031e+01
2.494651e+01
2.468272e+01
2.441892e+01
2.415513e+01
2.389133e+01
2.362754e+01
2.336374e+01
2.309994e+01
2.283615e+01
2.257235e+01
2.230856e+01
2.204476e+01
2.178096e+01
2.151717e+01
2.125337e+01
2.098958e+01
2.072578e+01
2.046199e+01
2.019819e+01
1.993439e+01
1.967060e+01
1.940680e+01
1.914301e+01
1.887921e+01
1.861541e+01
1.835162e+01
1.808782e+01
1.782403e+01
1.756023e+01
1.729644e+01
1.703264e+01
1.676884e+01
1.650505e+01
1.624125e+01
1.597746e+01
1.571366e+01
1.544987e+01
1.518607e+01
1.492227e+01
1.465848e+01
1.439468e+01
1.413089e+01
1.386709e+01
1.360329e+01
1.333950e+01
1.307570e+01
1.281191e+01
1.254811e+01
1.228431e+01
1.202052e+01
1.175672e+01
1.149293e+01
1.122913e+01
1.096533e+01
1.070153e+01
1.043772e+01
1.017390e+01
9.910064e+00
9.646204e+00
9.382301e+00
9.118334e+00
8.854267e+00
8.590052e+00
8.325624e+00
8.060894e+00
7.795746e+00
7.530037e+00
7.263589e+00
6.996194e+00
6.727612e+00
6.457582e+00
6.185823e+00
5.912048e+00
5.635977e+00
5.357345e+00
5.075915e+00
4.791485e+00
4.503890e+00
4.212992e+00
3.932125e+00
3.651259e+00
3.370393e+00
3.089527e+00
2.808661e+00
2.527795e+00
2.246929e+00
1.966063e+00
1.685197e+00
1.404331e+00
1.123464e+00
8.425983e-01
5.617322e-01
2.808661e-01
0.000000e+00
