0.000000000000000000e+00
9.298986066877261745e-07
1.529673436045475222e-06
1.459767883258516201e-06
4.063534679707104108e-07
-1.379473305577955781e-09
-1.692873490457806215e-09
-1.972614551277878321e-09
-2.249559556461289430e-09
-2.524271699741401146e-09
-2.796484606116374519e-09
-3.065896932933345101e-09
-3.332232931628146841e-09
-3.595295289293125870e-09
-3.854706840509965745e-09
-4.109688467304826061e-09
-4.359641494892698744e-09
-4.604316580858446121e-09
-4.839000549277010756e-09
-5.071618699320536378e-09
-5.244008084781023805e-09
-2.820391208883200946e-09
6.261230341048479007e-07
7.715739555733591628e-04
7.085277470367337162e-04
8.116169032169674892e-06
1.897919182322954540e-07
7.085966579697587060e-09
-2.832318771690504983e-09
-4.035204368430264843e-09
-3.865796687477497387e-09
5.843479389195944607e-11
6.745760027931718680e-08
3.215502147886623922e-06
3.794024565701480459e-04
1.118077134486753204e-03
4.297838400947843888e-05
1.944077759028211754e-06
1.492751694723152553e-07
1.674110802213088526e-08
3.410012455755092826e-10
-2.833779924176540136e-09
-3.641807456594744453e-09
-3.705794207638677923e-09
-3.115416005330875005e-09
-9.285800720117746089e-10
7.075942723631097471e-09
4.056778765695583358e-08
2.011678799579214214e-07
1.046910162797769830e-06
5.640481902976463213e-06
2.886065663545658464e-05
1.105718527296996052e-04
1.890881616003655113e-04
1.056245560584115188e-04
2.857172540850602110e-05
5.166564446465784050e-06
6.771656298475231620e-07
5.982687717454213777e-08
-2.475921394960906593e-10
-4.175869332361536633e-09
-4.264250790992692047e-09
-4.165715755110191392e-09
-4.057422966312506616e-09
-3.940733437760859221e-09
-3.815820350027666575e-09
-3.682838041817025494e-09
-3.541824999812154333e-09
-3.393030948704486382e-09
-3.236729887140659935e-09
-3.073033940231068210e-09
-2.902081669030031642e-09
-2.724037617638634044e-09
-2.539090341570887567e-09
-2.347429498771005522e-09
-2.149240470198802664e-09
-1.944723555891001420e-09
-1.734083079632381851e-09
-1.517526518077908988e-09
-1.295266614282457971e-09
-1.067527875633582173e-09
-8.345366094803945969e-10
-5.965228454749912830e-10
-3.537249058507319716e-10
-1.063852593204765142e-10
1.452623108815851862e-10
4.009632951420261613e-10
6.604351722202941471e-10
9.233858581544872788e-10
1.189537140765103486e-09
1.458939274978911140e-09
1.731272936474687570e-09
2.006066489993831051e-09
2.283043649855586189e-09
2.561953034120908225e-09
2.842521379674914471e-09
3.124461734468524212e-09
3.407463442390919402e-09
3.691408243217994584e-09
3.975440081902041455e-09
4.258861385780477356e-09
4.541231880253344475e-09
4.817868871736815997e-09
5.094482656019972330e-09
5.216601748510418217e-09
-1.517987102620740074e-08
-2.630205119558128929e-05
-3.199671493700898157e-03
-3.013661287857463301e-05
-3.412499602159721486e-07
-8.255257578811610977e-09
2.907171729354702813e-09
3.789296213969959885e-09
8.510165041014145372e-10
-1.014775225299815175e-07
-1.988089555984550594e-05
-3.031588675261702014e-03
-1.182498413827585081e-04
-2.706111614093444048e-06
-1.826764724339917622e-07
-4.148025629428979902e-08
-4.065366312372993713e-08
-1.991268992208709460e-07
-4.450249175993475151e-06
-4.232474146960986091e-04
-1.104088147183469436e-03
-4.387431979659536720e-05
-2.925242539086844812e-06
-5.227303645036862559e-07
-2.661108791924381077e-07
-4.194368540759338820e-07
-2.063796341287946527e-06
-3.099932587664424487e-05
-7.734825370737280796e-04
-5.691172740988894793e-04
-4.560779001390771850e-05
-5.211213994636944124e-06
-1.124012564938720242e-06
-4.604992908261980472e-07
-3.609422106099679843e-07
-5.314354167855052621e-07
-1.410282084584225824e-06
-6.378016821914096458e-06
-4.353933883527975760e-05
-2.989082684020433938e-04
-4.525996831865337477e-04
-1.122307052807715300e-04
-1.822709436037543997e-05
-3.086301227216274086e-06
-5.638304205055794891e-07
-1.050606274224578285e-07
-1.651290169968215135e-08
7.760668127202937134e-10
4.001263335954407983e-09
4.526926322824823390e-09
4.568579397689955214e-09
4.521802671790056422e-09
4.465158050342584000e-09
4.399172507305571271e-09
4.324725140774750676e-09
4.241597096036994043e-09
4.150120161856158579e-09
4.050079136146014599e-09
3.941552194323062950e-09
3.824710821665257316e-09
3.699690832299999937e-09
3.566547366552757391e-09
3.425463639476894248e-09
3.276688083757382642e-09
3.120395535048172685e-09
2.956682788670813803e-09
2.785717300025425195e-09
2.607665383355741927e-09
2.422716321870145174e-09
2.231049885866424406e-09
2.032860165808938550e-09
1.828343568335383489e-09
1.617703321258298060e-09
1.401145697951953887e-09
1.178889076757668809e-09
9.511521797558853119e-10
7.181642867990395506e-10
4.801531969739747214e-10
2.373602354724928634e-10
-9.980446716290543514e-12
-2.616278925436927920e-10
-5.173155054559517376e-10
-7.767533457023232227e-10
-1.039646241448236733e-09
-1.305869363746684188e-09
-1.575382732024639066e-09
-1.847717954794123839e-09
-2.122484306526105985e-09
-2.399450304084489356e-09
-2.678351026037354670e-09
-2.958917901738110477e-09
-3.240824016756616238e-09
-3.523837785672849866e-09
-3.807723198762551396e-09
-4.091418239085837561e-09
-4.374274584112898512e-09
-4.655481556751803655e-09
-4.931773291323137216e-09
-5.193679058929814557e-09
-4.510483613160975247e-09
3.124578813578411615e-07
9.143151583207865651e-04
5.656865078437859360e-04
3.853794423963716022e-06
6.433002061300716791e-08
-3.193623726114700248e-10
-3.717906401680402242e-09
-3.669902038265698699e-09
5.659929558936835120e-09
6.100039336035710705e-07
2.578256934323298866e-04
1.412441025458181527e-03
2.268324554199203892e-05
7.538670631300178106e-07
7.752091858246520069e-08
2.859162941191090436e-08
5.316126173090216512e-08
4.722314031327261399e-07
1.998939954937965324e-05
1.638172707966757289e-03
3.463388649135233058e-04
1.376810407092427652e-05
1.263528568492312840e-06
3.244498039632868398e-07
2.468842289794264027e-07
6.019211189306225641e-07
4.614497979145280559e-06
1.063148537575324973e-04
1.281616981997505409e-03
2.226814334039245566e-04
1.788131428797105896e-05
2.535836563126641273e-06
6.978195275225504169e-07
3.699315241899179164e-07
3.842760887060996294e-07
7.554244872796047239e-07
2.682680980293497121e-06
1.598573912465036306e-05
1.307101527583745537e-04
5.388181923665262898e-04
2.451676544106222823e-04
4.069893402797908111e-05
6.471273288240901960e-06
1.145939667441540818e-06
2.197179124872533281e-07
4.128137066979724851e-08
4.732774070641937360e-09
-2.840887726593510301e-09
-4.334194197613976013e-09
-4.579395973020271505e-09
-4.577958415765732105e-09
-4.529991191765778023e-09
-4.473443062981469322e-09
-4.407412509586803429e-09
-4.333078179343882252e-09
-4.249896043995801947e-09
-4.158437657356437761e-09
-4.058415796918007794e-09
-3.949904742355141402e-09
-3.833072580753289183e-09
-3.708059407163953545e-09
-3.574934592902001625e-09
-3.433853530812268092e-09
-3.285070938356157368e-09
-3.128779705730020240e-09
-2.965068168200985869e-09
-2.794103630788338628e-09
-2.616053372821735785e-09
-2.431103558760615176e-09
-2.239437341951208650e-09
-2.041248064853246290e-09
-1.836731240512858873e-09
-1.626091019532098577e-09
-1.409533597377502141e-09
-1.187276940506371925e-09
-9.595395090662916212e-10
-7.265512085513048798e-10
-4.885397273985398111e-10
-2.457453108937266707e-10
1.596545771708741322e-12
2.532450992998404343e-10
5.089314373201690349e-10
7.683629846502198353e-10
1.031240829429738608e-09
1.297470683779778025e-09
1.567016775928516895e-09
1.839344531297004617e-09
2.114108662058159863e-09
2.391072256773684418e-09
2.669972190776178795e-09
2.950530736994194536e-09
3.232445777569080125e-09
3.515457917335466389e-09
3.799350078897860479e-09
4.083063788132182223e-09
4.365967039121593351e-09
4.647281682572526888e-09
4.923603159622550715e-09
5.187006190769812375e-09
4.600751456757637442e-09
-2.668104972407532280e-07
-7.701827020126033284e-04
-6.344497125969712683e-04
-4.203292627141764193e-06
-6.747031709324320642e-08
3.412491684768313358e-10
3.781651029670967718e-09
3.853982573777488221e-09
-3.329682155680675561e-09
-4.349934958936709835e-07
-1.707183340340130294e-04
-1.723282401674981930e-03
-2.822352595886508110e-05
-8.577911929992093940e-07
-7.924833527874396493e-08
-2.543467018975019976e-08
-4.078256999714687263e-08
-3.176889253856191072e-07
-1.154178353946378514e-05
-1.189323390793895451e-03
-5.099344764563258636e-04
-1.885908551374885659e-05
-1.501402313174072640e-06
-3.284958207447821352e-07
-2.090491930830389213e-07
-4.214468161856196961e-07
-2.659019511795556660e-06
-5.151455546174611304e-05
-1.093448377295999250e-03
-3.750946573820692145e-04
-2.805728028417193236e-05
-3.399315188040899664e-06
-7.874154913315363665e-07
-3.477135208654051896e-07
-2.958730468571207920e-07
-4.747463261853073562e-07
-1.373954443989473304e-06
-6.777537448507454275e-06
-5.010728282211060665e-05
-3.473928064215607374e-04
-4.325278532997007424e-04
-9.391243748990652992e-05
-1.456940683013855956e-05
-2.400432766796036042e-06
-4.275142243784649793e-07
-7.679023605064862345e-08
-1.069056002584200902e-08
1.903366550615123712e-09
4.192262354923161128e-09
4.548349595843014783e-09
4.561314143270871157e-09
4.513277460181789698e-09
4.456527189065916022e-09
4.390541676255474194e-09
4.316103934279342743e-09
4.232949173336409604e-09
4.141452596212497145e-09
4.041395585568499110e-09
3.932856597631865612e-09
3.816007558280781018e-09
3.690981774911348318e-09
3.557822734936008384e-09
3.416739010461872286e-09
3.267972158070525889e-09
3.111678239143418255e-09
2.947966613628874125e-09
2.776998601386953372e-09
2.598942673956468382e-09
2.413996965602432913e-09
2.222330799441670006e-09
2.024141157108911735e-09
1.819624415045105218e-09
1.608984341854041031e-09
1.392426942066430486e-09
1.170170712064052369e-09
9.424335106967618822e-10
7.094457890089312587e-10
4.714341383447306659e-10
2.286395312250149878e-10
-1.870335849561134553e-11
-2.703518208932517603e-10
-5.260329937762623797e-10
-7.854506008789821747e-10
-1.048307785953994461e-09
-1.314575868139494437e-09
-1.584157581191587185e-09
-1.856472063870088341e-09
-2.131228789943869672e-09
-2.408189826839600962e-09
-2.687087599794772078e-09
-2.967643445906485564e-09
-3.249554202831396955e-09
-3.532568638679388030e-09
-3.816431300712493906e-09
-4.100101560428421094e-09
0.000000000000000000e+00
0.000000000000000000e+00
0.000000000000000000e+00
0.000000000000000000e+00
0.000000000000000000e+00
