0.000000000000000000e+00
1.713817872975804229e-06
3.182629311423362261e-06
4.105968336322221992e-06
4.219330663890956205e-06
3.265106894163691343e-06
1.024632534880282767e-06
-2.180117584835252102e-09
-3.569815269306353848e-09
-4.514486110450146758e-09
-5.023725715018063991e-09
-5.509275939113064204e-09
-5.988343837558569149e-09
-6.459823675841768010e-09
-6.919933071773619922e-09
-7.355798367616956918e-09
-7.745140187759499641e-09
-7.571350665750530214e-09
1.207223887151935481e-08
2.312298720587815337e-06
7.659732518373813318e-04
4.742082911516016207e-03
1.090817110936125522e-03
5.574799833060144189e-05
3.902930841466415201e-06
2.529034389200767529e-07
3.410222500048772438e-08
1.694136943863587058e-09
-4.026876977501862690e-09
-5.339516286659782647e-09
-5.229470680655730748e-09
-2.233163898674263748e-09
1.965599849301405140e-08
2.744797624755117403e-07
5.994276213077928242e-06
2.352600510755426064e-04
2.691423640060162503e-03
1.589053463345825676e-03
2.111409052425713203e-04
2.573607989624743684e-05
3.484456819165067250e-06
6.151162669972847064e-07
1.295223346815160462e-07
2.871006927257948307e-08
4.303919800783919170e-09
-2.750453314859936951e-09
-5.162252722984953363e-09
-6.109024509787348091e-09
-6.532118746209156152e-09
-6.740135532434130320e-09
-6.845030998186978292e-09
-6.891154695441290990e-09
-6.898040887322859652e-09
-6.861920409210135764e-09
-6.806214859538460050e-09
-6.737054300054997730e-09
-6.651598439668081521e-09
-6.550838782329527173e-09
-6.434094956972893906e-09
-6.301177836198178895e-09
-6.151949997837922800e-09
-5.987252431678534594e-09
-5.807119825109676754e-09
-5.611751505892351037e-09
-5.401371802794934192e-09
-5.176209555169462050e-09
-4.936509750886849978e-09
-4.682542886006528024e-09
-4.414637952895824221e-09
-4.133181386793708751e-09
-3.838416102643002183e-09
-3.530641634717603087e-09
-3.210137451915882911e-09
-2.877218891722554754e-09
-2.532225830766071700e-09
-2.175494893456549933e-09
-1.807381472761237401e-09
-1.428250615454631136e-09
-1.038478447134402793e-09
-6.384498637380840918e-10
-2.285615834227260505e-10
1.907888976359369696e-10
6.191851001189131051e-10
1.056193594992502888e-09
1.501364747271725011e-09
1.954235388302732921e-09
2.414336796153940581e-09
2.881190669415153881e-09
3.354612172145516059e-09
3.834201127500074614e-09
4.319396969287475037e-09
4.809571210942124163e-09
5.304374988443325139e-09
5.802952315417023290e-09
6.303543932323772295e-09
6.803074023939471531e-09
7.291477584564158564e-09
7.741433735744527905e-09
7.489032721157685854e-09
-3.288145460871736307e-08
-1.069966819452802917e-05
-2.528899164240515536e-03
-3.247178668521304157e-03
-6.527239129942183317e-04
-2.490390473690395773e-05
-1.285812546043361756e-06
-6.387974018306513810e-08
-3.851811038475050189e-09
4.726300190194602846e-09
6.216437504237873463e-09
6.562871780641943204e-09
4.524083833685001385e-09
-3.846247070813015316e-08
-2.638949766848791547e-06
-5.452799303649097547e-04
-4.623962193317537883e-03
-1.209203865872824669e-03
-7.451100677161056718e-05
-5.621893403210150794e-06
-4.872527810035958686e-07
-9.469919735169351238e-08
-2.956577274592553763e-08
-2.037237254463521180e-08
-4.094594913856321657e-08
-2.068664004141213590e-07
-2.536849211968947993e-06
-8.333224882286810638e-05
-2.137825760969637879e-03
-2.396974000018434973e-03
-3.896662070093589200e-04
-4.002314855127675464e-05
-5.981427989330140214e-06
-1.412125698817370745e-06
-4.931032910957416843e-07
-2.745459844000185326e-07
-2.506543050875061105e-07
-3.748844586838560245e-07
-9.318555509929811035e-07
-3.743421603136035752e-06
-2.349348075164256659e-05
-2.037210934261674065e-04
-1.174731555616537844e-03
-1.361274296055675842e-03
-4.419872603086717213e-04
-9.878672103637257539e-05
-2.257358941715724849e-05
-5.691493002882813607e-06
-1.568399749824587135e-06
-4.609760930096971023e-07
-1.397855637113715762e-07
-4.056241573967628521e-08
-8.632949873990173374e-09
1.769219202695443683e-09
5.094934095585577746e-09
6.086467553625373825e-09
6.320748147319244890e-09
6.314488344393903825e-09
6.227684546617397032e-09
6.109460038457811793e-09
5.975136917422604511e-09
5.825250058106078355e-09
5.659875731652837874e-09
5.479197365632301418e-09
5.283394669105656263e-09
5.072674009913906520e-09
4.847226393329763306e-09
4.607320972505778796e-09
4.353294778044571669e-09
4.085436053645387327e-09
3.803999658424039192e-09
3.509252019986732393e-09
3.201471849744513562e-09
2.880960082323282635e-09
2.548046549793691892e-09
2.203054016757241354e-09
1.846328348845338856e-09
1.478217625287421437e-09
1.099092877252589889e-09
7.093261026228002646e-10
3.093041368132012769e-10
-1.005838151007025593e-10
-5.199320322395294993e-10
-9.483201901380619320e-10
-1.385306563629762853e-09
-1.830440955411326678e-09
-2.283260097597805321e-09
-2.743290542294946302e-09
-3.210221341283670861e-09
-3.683822670330199650e-09
-4.163517742022072345e-09
-4.648709977269612126e-09
-5.138942348194755617e-09
-5.633712520259261601e-09
-6.131458786381584879e-09
-6.630074036734297811e-09
-7.123435169594703578e-09
-7.582464943173483360e-09
-7.799017207739447320e-09
1.105115623633758869e-09
1.342915225433074129e-06
7.591045305267002906e-04
5.033184396926718498e-03
1.184257636794128904e-03
1.267302896665052745e-04
2.452533595090634454e-06
2.392086741624104051e-07
1.183536018038182899e-08
-3.887138039440492382e-09
-5.963772053382736716e-09
-6.628076106393612438e-09
-6.203525924484930684e-09
4.540643044427076061e-09
4.031829577377022960e-07
5.759339097405159145e-05
3.387123156047666239e-03
2.413623145393722826e-03
3.196012192592372634e-04
1.226254637226029660e-05
1.265068256904132085e-06
1.754175632127293262e-07
3.717084418562799734e-08
1.598852713737812623e-08
1.999625753286961996e-08
7.418804501063446567e-08
6.424982797914148515e-07
1.477965539260939880e-05
7.019143884185737687e-04
3.395884295195608030e-03
9.970087214476442122e-04
9.319132135020888991e-05
1.285014667223920624e-05
2.309644557773341968e-06
6.498820887995753295e-07
2.942863825648937121e-07
2.210722232992718520e-07
2.775496042046947099e-07
5.885114287760735154e-07
2.074464109778931430e-06
1.185276417157825244e-05
1.028933113240456504e-04
8.437384916093259657e-04
1.637799649692039429e-03
6.620392677256833197e-04
1.453991076184103803e-04
3.177295776829208474e-05
7.731139721906586949e-06
2.091655051176317873e-06
6.207142939938293813e-07
1.963635600454419835e-07
6.250332261686625323e-08
1.752405183372483377e-08
1.827845207298939331e-09
-3.725579551777719221e-09
-5.649167606072329883e-09
-6.259414734026770825e-09
-6.399253480170700296e-09
-6.373035671845114547e-09
-6.280956732368497580e-09
-6.162387272076906480e-09
-6.028210914461647130e-09
-5.878465495535717898e-09
-5.713182933208744786e-09
-5.532569687745389495e-09
-5.336825987495160816e-09
-5.126137049339545635e-09
-4.900741120075914707e-09
-4.660857812363422449e-09
-4.406821566006353031e-09
-4.138962757836450622e-09
-3.857519014865683228e-09
-3.562772850275129134e-09
-3.254993365022689713e-09
-2.934483577346233169e-09
-2.601568375085111965e-09
-2.256574860085183404e-09
-1.899849092888932104e-09
-1.531737622068818905e-09
-1.152611458304631403e-09
-7.628433106604340134e-10
-3.628203031020338863e-10
4.706800806579322128e-11
4.664173310823859166e-10
8.948070345421459775e-10
1.331797337372395884e-09
1.776935378890018292e-09
2.229759556021841589e-09
2.689793871436587056e-09
3.156695602480783634e-09
3.630289340986032211e-09
4.109983772431290150e-09
4.595174952545971236e-09
5.085384765280795247e-09
5.580190619795255646e-09
6.078107478698639504e-09
6.577149885673104144e-09
7.071837454450049579e-09
7.538809481142698426e-09
7.831275795946743214e-09
2.266966898158288078e-09
-7.342741907357364994e-07
-4.207696235855566550e-04
-5.301105430077899042e-03
-1.395483322772884689e-03
-1.809596285886767831e-04
-3.045920079982446432e-06
-3.368793137784021349e-07
-1.474728871565652624e-08
3.396811705671604094e-09
5.836614928193477671e-09
6.597801037927725815e-09
6.413401519698671699e-09
-8.046431771351032979e-10
-2.332351077784405911e-07
-2.805988944937791625e-05
-2.693339944844646856e-03
-2.937696629134487186e-03
-4.575995123786381013e-04
-1.639771352697040401e-05
-1.808806812445150633e-06
-2.110413311066255926e-07
-4.097012075220504203e-08
-1.562868687304247663e-08
-1.638946027909888121e-08
-5.347853874393627610e-08
-4.045639240333694563e-07
-7.784388619605183725e-06
-3.615318399004463978e-04
-3.317438897352178052e-03
-1.386999131627234157e-03
-1.459692319249420041e-04
-1.836426070894485918e-05
-2.955437364174181863e-06
-7.701730916891637503e-07
-3.148849566820860949e-07
-2.091188603350635524e-07
-2.302305268012098345e-07
-4.211644150150057927e-07
-1.281110872632373995e-06
-6.308702480734203018e-06
-4.823369576698719363e-05
-4.512764201673442974e-04
-1.597689804779252364e-03
-9.987879640311503760e-04
-2.450964807069462939e-04
-5.282372311490814745e-05
-1.223119704518079587e-05
-3.146460028647931204e-06
-8.898399547397954241e-07
-2.679477420708550228e-07
-8.185881304358961441e-08
-2.270980944492695012e-08
-3.139720553079451724e-09
3.426678524252267547e-09
5.581033993260118868e-09
6.228499487696039934e-09
6.368259078028805983e-09
6.338694613938501185e-09
6.245089690675658138e-09
6.126396368678915655e-09
5.992139892427732163e-09
5.842298399106355720e-09
5.676953283589503591e-09
5.496294836485656065e-09
5.300511056840879882e-09
5.089801056756981031e-09
4.864370751837692218e-09
4.624470725321777890e-09
4.370442373266193441e-09
4.102583686370368085e-09
3.821145003121430398e-09
3.526397897681240995e-09
3.218618379908074609e-09
2.898106607724087434e-09
2.565192504193962747e-09
2.220200279826219126e-09
1.863474345875487750e-09
1.495362948869951552e-09
1.116237338428468303e-09
7.264703407747546700e-10
3.264472746718595754e-10
-8.344179401848011952e-11
-5.027903423081474545e-10
-9.311789709625781328e-10
-1.368165376348835258e-09
-1.813297560070611882e-09
-2.266111482654112104e-09
-2.726134240431634674e-09
-3.193060569137921867e-09
-3.666672518100844363e-09
-4.146385706944939833e-09
-4.631573070419823721e-09
-5.121791754016801556e-09
-5.616571670140600405e-09
-6.114372655795049391e-09
-6.613129104155560199e-09
-7.106954324845220738e-09
-7.567699899938519599e-09
-7.810637695968189260e-09
-6.100498788643586298e-11
1.122815024640021847e-06
0.000000000000000000e+00
0.000000000000000000e+00
0.000000000000000000e+00
0.000000000000000000e+00
0.000000000000000000e+00
