0.000000000000000000e+00
-7.863938826199705356e-02
-1.525758494908472096e-01
-2.127388291967098610e-01
-2.536279839752192955e-01
-2.781468423659679279e-01
-2.862833698899475698e-01
-2.786591100695552381e-01
-2.558090350797793677e-01
-2.182360245064775828e-01
-1.662058935453696873e-01
-1.000081257081115310e-01
-4.795913097341900078e-02
5.170516483803210689e-02
1.106620167131021626e-01
1.718316867364221012e-01
2.178024834747682437e-01
2.489142354542009938e-01
2.651039122002459281e-01
2.664998360310014691e-01
2.531670115056749437e-01
2.251723449529504095e-01
1.833401051047763575e-01
1.272105056230826425e-01
6.186743650849414744e-02
-1.068347453282164801e-02
-7.207262800322514207e-02
-1.367498832021694644e-01
-1.883737954429203221e-01
-2.255151525065900719e-01
-2.487075371187822959e-01
-2.575676557952968904e-01
-2.521503523385570933e-01
-2.326675200791289422e-01
-1.993376623565110417e-01
-1.522447737511444521e-01
-9.157856897632953019e-02
-4.316580374954213928e-02
4.787963214120531663e-02
1.032935279850702714e-01
1.602461403300692588e-01
2.031982503415821484e-01
2.324409540870541468e-01
2.478778574609789287e-01
2.495622850532303594e-01
2.374714430997523773e-01
2.115948469494815798e-01
1.725640733532167459e-01
1.199086507913692118e-01
5.887679376726460967e-02
-1.226646888414842547e-02
-6.972675445560556906e-02
-1.307463554866291622e-01
-1.794535759334345004e-01
-2.145018144657774295e-01
-2.363558368349934768e-01
-2.446875494856030897e-01
-2.394887193994882091e-01
-2.209086447645633167e-01
-1.891239047107207971e-01
-1.441475270355794813e-01
-8.612059586861134375e-02
-3.867780940261364431e-02
4.624918170496852138e-02
9.986751215646107183e-02
1.541392965321449482e-01
1.950722420778784327e-01
2.229336485349577290e-01
2.378047714177724814e-01
2.389845300838532860e-01
2.269833668334135801e-01
2.017688416800257067e-01
1.638602424231431209e-01
1.128177172894940239e-01
5.458200741205973539e-02
-1.562628504708114818e-02
-6.958195729955193864e-02
-1.279930409710988704e-01
-1.744286711986676175e-01
-2.077501842140523636e-01
-2.283514458648109313e-01
-2.359596760384007619e-01
-2.305365093092510143e-01
-2.122001088965043136e-01
-1.811294058388862316e-01
-1.372757760268677463e-01
-8.083605892304421281e-02
-3.348231799734450315e-02
4.592742597484712752e-02
9.879995709944726368e-02
1.508541774229189281e-01
1.900119876184556689e-01
2.165679730939733538e-01
2.303523332770194831e-01
2.314016178858582518e-01
2.196906266229844973e-01
1.951824246760009152e-01
1.583334768304931472e-01
1.087107914776385686e-01
5.232620377034256920e-02
-1.606172379959890442e-02
-6.828618242743725308e-02
-1.248863353545694166e-01
-1.688788504990221540e-01
-2.014536365249698369e-01
-2.216861887473387804e-01
-2.293049645037530115e-01
-2.242687301570468750e-01
-2.066812329078958066e-01
-1.766928061697287666e-01
-1.342517095944266436e-01
-7.984332452259382262e-02
-3.354215693070228266e-02
4.413788080331877001e-02
9.536541388075962800e-02
1.462379596394720871e-01
1.846134323231167773e-01
2.106969824426237481e-01
2.243595225596184128e-01
2.256164837176177496e-01
2.144327858927791153e-01
1.907737201975722163e-01
1.550642680557351716e-01
1.068596141624879314e-01
5.176480491671554135e-02
-1.407849145953611950e-02
-6.584021516967289434e-02
-1.211247615253774473e-01
-1.652370331131048364e-01
-1.969701603927347944e-01
-2.166478072884281403e-01
-2.240160892716401841e-01
-2.190270078489781613e-01
-2.017723792465162813e-01
-1.723967668961851607e-01
-1.308291332233693371e-01
-7.764291713519262672e-02
-3.186226013010398650e-02
4.337913002119681005e-02
9.373702682836203282e-02
1.434058528461028548e-01
1.808824083499660784e-01
2.063357061634407130e-01
2.196383027278215050e-01
2.208004628401741831e-01
2.097874790978817017e-01
1.865645476313166629e-01
1.515228702610237344e-01
1.042055526710614771e-01
5.038121489700325695e-02
-1.436453729796828040e-02
-6.497309501982546920e-02
-1.190562422061626768e-01
-1.622186755399745439e-01
-1.932592517685217115e-01
-2.124799466447346852e-01
-2.196407885273803928e-01
-2.146894422225789079e-01
-1.977089294328854552e-01
-1.688399256475971721e-01
-1.279958465410333257e-01
-7.571834639608419903e-02
-3.051211936286628984e-02
4.274386009970165823e-02
9.236118286631919694e-02
1.410312606879118580e-01
1.777519422501722957e-01
2.026788074266396844e-01
2.156803251827581758e-01
2.167628568533017663e-01
2.058923219010661276e-01
1.830345253048079879e-01
1.485540488155100425e-01
1.020036425495639554e-01
4.923226802335540359e-02
-1.458224288433543521e-02
-6.421764931193982284e-02
-1.172954463436099715e-01
-1.596528636559766123e-01
-1.901085548773708833e-01
-2.089433198424353877e-01
-2.159284844776898360e-01
-2.110087926775021661e-01
-1.942606391891360806e-01
-1.658216177624534104e-01
-1.255925144892336143e-01
-7.413297251263202547e-02
-2.939612930750550718e-02
4.219516322128823160e-02
9.117279621857639349e-02
1.389959321987819518e-01
1.750669966812610501e-01
1.995443488900667250e-01
2.122885889092358536e-01
2.133031817084060366e-01
2.025546288859717547e-01
1.800097082951782057e-01
1.460110804867089385e-01
1.001977393189211196e-01
4.825383950042010095e-02
-1.475134826151213753e-02
-6.355285725643436412e-02
-1.157664998491217262e-01
-1.574297506803694346e-01
-1.873816019033537894e-01
-2.058840435200559593e-01
-2.127177618102118195e-01
-2.078255381046802686e-01
-1.912784391492699243e-01
-1.632117245516304105e-01
-1.235152922321152008e-01
-7.278436149925815446e-02
-2.845317537292424426e-02
4.172030500291525057e-02
9.013215481039406340e-02
1.372193130616440604e-01
1.727245060092823525e-01
1.968112866717638965e-01
2.093320117865066776e-01
2.102877725958971489e-01
1.996457448475259244e-01
1.773738084280960525e-01
1.437965694682665219e-01
9.865631093005558516e-02
4.740361941178494742e-02
-1.488577088664993532e-02
-6.296360853643108435e-02
-1.144190029304952422e-01
-1.554740208369067012e-01
-1.849851417677509935e-01
-2.031969603683247971e-01
-2.098982194570626625e-01
-2.050303589712660080e-01
-1.886601256227031786e-01
-1.609207275924862957e-01
-1.216935459447467255e-01
-7.025719201703500838e-02
-2.571349872462815392e-02
4.208123656191208040e-02
9.049178730928908454e-02
1.366612830357935848e-01
1.713775594670866320e-01
1.948449887753310461e-01
2.068824471769718232e-01
2.074980125950623144e-01
1.966665495356652305e-01
1.743561824275696448e-01
1.408624864466305471e-01
9.600544239326296025e-02
4.563252012759873993e-02
0.000000000000000000e+00
0.000000000000000000e+00
0.000000000000000000e+00
0.000000000000000000e+00
0.000000000000000000e+00
