0.000000000000000000e+00
7.027130943142895873e-07
1.052791250755587192e-06
6.952722721144376859e-07
-6.792202598853249301e-10
-1.089801607218471018e-09
-1.307679362926441571e-09
-1.522829776643661575e-09
-1.736471636310157357e-09
-1.948390806119292723e-09
-2.158385442406500408e-09
-2.366230824183573419e-09
-2.571729595336151028e-09
-2.774630332115159953e-09
-2.974744142563061566e-09
-3.171814248042273739e-09
-3.365561034142392652e-09
-3.555597582523631661e-09
-3.741379410690006167e-09
-3.923718398295119214e-09
-4.100775813836265289e-09
-4.271751602764357734e-09
-4.436574677606392297e-09
-4.411076597351415845e-09
1.988842143755735268e-08
2.222058198959567010e-05
1.752673504445382982e-03
1.209314920985740019e-05
1.445691951572454148e-07
1.656737833242693440e-09
-3.429612888505078624e-09
-3.972970037924433397e-09
-3.976277255751860149e-09
-2.416676460140277343e-09
3.281579439263147657e-08
2.322937741735333685e-06
3.893536348886770019e-04
4.294534666323642554e-04
9.118844432725199193e-06
3.027128796768822956e-07
1.566137956839064184e-08
-1.778169996718307612e-09
-3.685626746017480230e-09
-4.057731934608278533e-09
-4.185222148895905386e-09
-4.249328718712373366e-09
-4.285444369675339744e-09
-4.299746799927395854e-09
-4.282346951726101424e-09
-4.198966794288784649e-09
-3.956367399443665261e-09
-3.345208276001294831e-09
-2.018698467659018975e-09
3.037664731893316138e-10
3.100783550951840466e-09
4.629755588708538570e-09
3.201570275939444142e-09
-8.513436327160280176e-11
-2.703247548616262277e-09
-3.806918896429669669e-09
-4.014281790250882462e-09
-3.970260000604843871e-09
-3.893827253851292896e-09
-3.810672473552326805e-09
-3.720556870810642519e-09
-3.624811465211215843e-09
-3.522769223557873041e-09
-3.414487430629509459e-09
-3.300106414556699792e-09
-3.179768370077299252e-09
-3.053644659031301079e-09
-2.921872014534529281e-09
-2.784603595390519896e-09
-2.641984195754624241e-09
-2.494166915673168568e-09
-2.341305142006684244e-09
-2.183545459712764441e-09
-2.021051273229642574e-09
-1.853994475930727810e-09
-1.682534038221139185e-09
-1.506841225106400777e-09
-1.327091587557349987e-09
-1.143465268861036821e-09
-9.561421681813225699e-10
-7.653074771443866788e-10
-5.711517257902239088e-10
-3.738692800538707789e-10
-1.736563660402029751e-10
2.928871347344796794e-11
2.347692990273715583e-10
4.425566409534223266e-10
6.524030847197259094e-10
8.641936764572104021e-10
1.077912103016218668e-09
1.293110025273128320e-09
1.509570973695477744e-09
1.727103538475449690e-09
1.945492071962195237e-09
2.164522528348944796e-09
2.383976528252819104e-09
2.603630633811214559e-09
2.823213597978462115e-09
3.042508938725865894e-09
3.261205597628004581e-09
3.478907978400774118e-09
3.695030564491148827e-09
3.909957547312204455e-09
4.121360163859016567e-09
4.331267519270004622e-09
4.500647439917637145e-09
-1.245563961238923668e-10
-6.782171812831463499e-06
-2.497238807503537276e-03
-1.055906373025325076e-05
-8.829893519686685948e-08
9.099350365769691444e-11
3.256505273156792304e-09
2.885796841558069221e-09
-1.415733183947175738e-08
-2.000306098748674664e-06
-1.193725806308837270e-03
-1.501045393464452431e-04
-2.011139202178509452e-06
-9.862624804911271612e-08
-1.901364418279859036e-08
-2.045242508050160425e-08
-1.331706664223178967e-07
-4.104773114287086308e-06
-5.059345100335922761e-04
-3.684192648745123356e-04
-9.789176079566916144e-06
-6.349959800160206595e-07
-1.240924518418697175e-07
-7.479641349524917219e-08
-1.492251956684484717e-07
-9.258662380655166520e-07
-1.675066994001614889e-05
-4.934901671419898847e-04
-3.063539526463575639e-04
-1.773401652002817714e-05
-1.526974051279908336e-06
-2.373566998801189732e-07
-6.350333344938180245e-08
-2.781785075558782929e-08
-1.952589132230385554e-08
-2.300365932843369925e-08
-4.051533621649019007e-08
-9.390422272637042016e-08
-2.635652789167333766e-07
-8.374328452946410978e-07
-2.811415616560597523e-06
-9.085595179375787302e-06
-2.460824864970446619e-05
-4.437652737971408068e-05
-4.221344897043596036e-05
-2.105753482194137758e-05
-6.285683313668981270e-06
-1.196265649080313226e-06
-1.410852895750362537e-07
-6.756828320805542483e-09
3.469608229555541950e-09
3.848574987630472248e-09
3.777679060409337851e-09
3.693632398932627368e-09
3.604070500625308113e-09
3.508086590034185244e-09
3.405797422811883498e-09
3.297325656551325134e-09
3.182800501973219048e-09
3.062378349382379617e-09
2.936188740612530286e-09
2.804374088334758999e-09
2.667075007016645071e-09
2.524436913593404215e-09
2.376608448988212990e-09
2.223732248789534938e-09
2.065965159252652655e-09
1.903472184207644061e-09
1.736411691214523118e-09
1.564949315282721862e-09
1.389257573472352164e-09
1.209509452893829463e-09
1.025883973645285369e-09
8.385626165530888964e-10
6.477289320541844396e-10
4.535763514858742784e-10
2.562971673488968297e-10
5.608913476814353147e-11
-1.468580000247305609e-10
-3.523233030111913190e-10
-5.600625255854134067e-10
-7.698695736022278422e-10
-9.818346684846849714e-10
-1.195550778569993765e-09
-1.410723688905053953e-09
-1.627178085952546461e-09
-1.844705146472863235e-09
-2.063087242775910050e-09
-2.282117337725522267e-09
-2.501562151491469155e-09
-2.721198843339971136e-09
-2.940728884656301010e-09
-3.159951096720515873e-09
-3.378496849687728664e-09
-3.595844415202941095e-09
-3.811978466267900778e-09
-4.026171202822956432e-09
-4.237581780805448748e-09
-4.440767667354647369e-09
-4.166677720720729608e-09
2.255919965896135578e-07
1.128080420915643107e-03
1.140896171005318461e-04
5.285824467235185677e-07
7.250525261057412856e-09
-2.873783509297567838e-09
-3.445781051136674777e-09
-1.502418795529975835e-11
1.904663886987046512e-07
7.947546336792849354e-05
1.035007712647960073e-03
1.018191183115006302e-05
2.737390687233992991e-07
2.837225727023195534e-08
1.361251000698140785e-08
4.625968964903854132e-08
7.835606629296856042e-07
6.782570208749016418e-05
1.218000838003605859e-03
3.711929080722472450e-05
1.534705734041135036e-06
1.919738850437308308e-07
7.556967492011622350e-08
9.935592218254810848e-08
4.393300647413197128e-07
6.079755176729185926e-06
2.075017322898882509e-04
6.049737580026107349e-04
3.763848823117832659e-05
2.684141529052987033e-06
3.588442377964562591e-07
8.805161441344690886e-08
3.795104946229045158e-08
2.798131437532950551e-08
3.657047949257491735e-08
7.526714634388233540e-08
2.183127526013157347e-07
8.302683392562214769e-07
3.869838911838338156e-06
1.978229638182641426e-05
8.342179584602173333e-05
1.438578003727802607e-04
6.739299762614285008e-05
1.502420728444397892e-05
2.364763713193094478e-06
2.779699428343778994e-07
2.059966042709190886e-08
-2.486920358363629417e-09
-3.868224376302049550e-09
-3.862461016030067742e-09
-3.798986261634602585e-09
-3.727782620948204800e-09
-3.650969186487649018e-09
-3.567600896687557556e-09
-3.477754980714866200e-09
-3.381538136731749300e-09
-3.279062998119693327e-09
-3.170452909422995494e-09
-3.055842777697857138e-09
-2.935352739764505408e-09
-2.809117808249617043e-09
-2.677271219201945508e-09
-2.539950261531785489e-09
-2.397299700408174642e-09
-2.249456078773984450e-09
-2.096572573334434947e-09
-1.938802766496632128e-09
-1.776307233292968492e-09
-1.609245008789188014e-09
-1.437783511927680615e-09
-1.262091294788390460e-09
-1.082345179764487126e-09
-8.987212817891285812e-10
-7.114002735106648525e-10
-5.205693764903566418e-10
-3.264207312593856268e-10
-1.291458822949526270e-10
7.106321274313269450e-11
2.740008459859418274e-10
4.794244418382449370e-10
6.871056272312515317e-10
8.970520308209885090e-10
1.109078074837745283e-09
1.322751870872871447e-09
1.537913123851321043e-09
1.754362071637935328e-09
1.971883417156740303e-09
2.190262228532840553e-09
2.409280223901632201e-09
2.628709571235257410e-09
2.848287252538570819e-09
3.067784280107880449e-09
3.286882341492819684e-09
3.505159641845513122e-09
3.722449613658685013e-09
3.937860419458929680e-09
4.149930313063098503e-09
4.361810360118315993e-09
4.485865432064360792e-09
-1.152424516232487107e-08
-4.015434661740243240e-05
-1.019789744839158996e-03
-3.308068395043635276e-06
-3.312105763226690064e-08
1.941431677527033568e-09
3.523286067239674937e-09
2.753240201273025130e-09
-2.812248332495572359e-08
-5.985752294914931417e-06
-2.180386320192035949e-03
-5.428864960499417836e-05
-8.513644452608051492e-07
-5.122367058056293661e-08
-1.259199785622060798e-08
-2.133791900848759724e-08
-2.161487085894694302e-07
-1.094242863982574432e-05
-1.226913176934225349e-03
-1.378936320530437627e-04
-3.915828969322207314e-06
-3.234295756432297513e-07
-8.573196012169871947e-08
-7.702637162551546165e-08
-2.476354923939000377e-07
-2.646149119030595619e-06
-8.369721794316542225e-05
-8.656052488864651251e-04
-7.356972029966190262e-05
-4.415590805151614785e-06
-5.120298869917523609e-07
-1.155668334034864951e-07
-4.891644261560505165e-08
-3.781526930645349070e-08
-5.486534172979235237e-08
-1.329279571998832721e-07
-4.892671549908071409e-07
-2.558890965222810659e-06
-1.724777345012837917e-05
-1.112422913401887392e-04
-2.301937728687321306e-04
-7.732948637176212414e-05
-1.224034570313369295e-05
-1.581810416526554565e-06
-1.739024800261177963e-07
-1.255895676795846707e-08
2.793789265663377820e-09
3.901294796003388525e-09
3.914314579052378615e-09
3.863619317889334323e-09
3.806403463220721718e-09
3.742172582810014875e-09
3.671532987735259222e-09
3.594366118351543966e-09
3.510865805413246739e-09
3.420918586308440098e-09
3.324627403087028041e-09
3.222086950306247746e-09
3.113438068677543588e-09
2.998797872850048162e-09
2.878285561634025471e-09
2.752037532591095188e-09
2.620178832811054097e-09
2.482839808355369584e-09
2.340195934985920177e-09
2.192347265937301410e-09
2.039459783738930566e-09
1.881690214692813419e-09
1.719194266131389735e-09
1.552131856464106983e-09
1.380668924797816191e-09
1.204978780385789028e-09
1.025233397858179413e-09
8.416099369613743472e-10
6.542894060894320823e-10
4.634600857027636904e-10
2.693124298034617755e-10
7.203876460455261642e-11
-1.281713642737218655e-10
-3.310952343080694097e-10
-5.364807488100125150e-10
-7.441592020311762146e-10
-9.542294557204532970e-10
-1.166220335770808331e-09
-1.379883404024082972e-09
-1.595040025932508532e-09
-1.811485716314735916e-09
-2.029005165341069806e-09
-2.247381329987220141e-09
-2.466394585311167824e-09
-2.685816160581091891e-09
0.000000000000000000e+00
0.000000000000000000e+00
0.000000000000000000e+00
0.000000000000000000e+00
0.000000000000000000e+00
