0.000000000000000000e+00
1.535803986770733736e-06
2.805452505968054526e-06
3.501295974725208698e-06
3.345044707129396376e-06
2.065892608408095672e-06
7.518144354302163465e-08
-2.805229360356887781e-09
-3.578587465943375422e-09
-4.074457717939112371e-09
-4.514460419127182954e-09
-4.950130201545281547e-09
-5.380553207963428418e-09
-5.804180437731776467e-09
-6.218662881497435671e-09
-6.619945424254368090e-09
-6.988210320323265474e-09
-7.202195752061268011e-09
-3.465635453631447623e-09
3.487202766249193725e-07
1.292435763131580262e-04
4.698816038474589590e-03
1.071024950788919666e-03
3.464354859547762557e-05
2.120913763758744105e-06
1.667807496215865578e-07
1.668565380286363325e-08
-7.508869347567395969e-10
-3.919701252986217555e-09
-4.261487791827561485e-09
-1.743033592328206948e-09
1.730505580710725794e-08
2.502698258380798396e-07
6.085621422331382806e-06
2.974835118185023726e-04
2.826527364009484133e-03
8.629868244507300648e-04
7.967038253789043075e-05
8.678620407003835604e-06
1.245562394909180965e-06
2.308965080966272371e-07
5.357612118757447172e-08
1.338280983715455302e-08
1.878208118344151681e-09
-2.159041548895362019e-09
-3.810974122026945576e-09
-4.532244103895259389e-09
-4.835715307970473820e-09
-4.906356143680976651e-09
-4.826410587931858244e-09
-4.648869814130299407e-09
-4.437058136951807975e-09
-4.280320699186652098e-09
-4.280095584361468901e-09
-4.506695796070920281e-09
-4.935537578621766214e-09
-5.439570692146489060e-09
-5.844111314955695959e-09
-6.059049359737278051e-09
-6.097944468925339764e-09
-6.023088605356035515e-09
-5.885535145056285204e-09
-5.724620867300664377e-09
-5.549952521354583016e-09
-5.361589557054326288e-09
-5.159848202110257650e-09
-4.944908909882790515e-09
-4.717141804041050947e-09
-4.476690017502043034e-09
-4.223863431936396012e-09
-3.959122490552887936e-09
-3.682710308303341235e-09
-3.394834654480514969e-09
-3.095798971266110525e-09
-2.785930730536091060e-09
-2.465535249124876706e-09
-2.134918133415770426e-09
-1.794408054248633727e-09
-1.444344340520443116e-09
-1.085068626251168613e-09
-7.169390977899608942e-10
-3.403168654858986748e-10
4.443099428554554623e-11
4.369251510945229200e-10
8.367693344702273494e-10
1.243546250954903871e-09
1.656826495767547668e-09
2.076166717631997951e-09
2.501130894048647978e-09
2.931642629652934404e-09
3.367359983600374501e-09
3.807717553932634391e-09
4.252018208129183448e-09
4.699863020600231775e-09
5.150914400474851413e-09
5.603715406326487783e-09
6.056469855175017096e-09
6.504441374989473664e-09
6.930053406264021560e-09
7.213428497721988346e-09
2.305593672931695293e-09
-8.444790597263600576e-07
-6.945603313018644054e-04
-4.287027209352266104e-03
-5.786994816181445728e-04
-1.077796342764048182e-05
-6.171399927169229724e-07
-3.479976085707290507e-08
1.086186298463869777e-09
4.918444073523877463e-09
5.609922981488495009e-09
4.115260253423922437e-09
-2.378349212351889050e-08
-1.389985601787140940e-06
-2.871037570980253641e-04
-4.330100644913424668e-03
-7.941876376720342261e-04
-3.057813136164036038e-05
-2.220330523991606670e-06
-2.859504464354843803e-07
-6.808478247744870964e-08
-3.668145086416831183e-08
-5.765733882656895544e-08
-2.587412877869434335e-07
-3.308621334377250328e-06
-1.252507868801579921e-04
-2.639155368867386088e-03
-1.376872729301431651e-03
-1.292594548992763188e-04
-1.508699673084533330e-05
-2.761571390832674612e-06
-8.689086937855429479e-07
-4.826877285784808404e-07
-5.006134891435812277e-07
-9.740611036488326963e-07
-3.537891457986625958e-06
-2.407614792721724667e-05
-2.619964414767021635e-04
-1.463113753277980184e-03
-9.817679303753949240e-04
-2.063447956450944478e-04
-3.959050214473692965e-05
-9.180434059203678606e-06
-2.649792853071225133e-06
-9.385019554243322631e-07
-3.976082518663589898e-07
-1.954321732922811243e-07
-1.081856176528164191e-07
-6.544297527950057134e-08
-4.201829660819299702e-08
-2.746046327241288419e-08
-1.730428127916741588e-08
-9.625811780905047615e-09
-3.711432296796770150e-09
6.039986170103831892e-10
3.429859631140036232e-09
5.024746749169926573e-09
5.753454828087101023e-09
5.977447184287003445e-09
5.962928705075452650e-09
5.852276456262255701e-09
5.704952964751309913e-09
5.543527676033985142e-09
5.368351363613769946e-09
5.179619162322582465e-09
4.977568434905656706e-09
4.762476639695122529e-09
4.534521562544275311e-09
4.293917132428910642e-09
4.041129181338878417e-09
3.776411011846583464e-09
3.499980432584458613e-09
3.212090233410024582e-09
2.913063274994388902e-09
2.603205376611790709e-09
2.282814632662938044e-09
1.952202305294588971e-09
1.611695808972841521e-09
1.261635826928451772e-09
9.023651016551742885e-10
5.342378648856136491e-10
1.576172275910516990e-10
-2.271329857133158209e-10
-6.196240538766064720e-10
-1.019458955312922747e-09
-1.426209468134641851e-09
-1.839452095173846706e-09
-2.258729385732045087e-09
-2.683743969059499141e-09
-3.114396175957424273e-09
-3.550221285784967523e-09
-3.990553402440934596e-09
-4.434819919549633916e-09
-4.882711362166201817e-09
-5.333534542949668002e-09
-5.785616353466444905e-09
-6.236573954510147407e-09
-6.679373762628319725e-09
-7.095058925939185180e-09
-6.998370130784750443e-09
2.697310811118260418e-08
1.149373507310596914e-05
3.330597572479966888e-03
2.138188916574563277e-03
1.515581492841832018e-04
3.685742108287983570e-06
1.441935707713119630e-07
8.558108181016389585e-09
-3.601527419227528033e-09
-5.478318539704856446e-09
-5.702254276909562935e-09
-2.183107537303289588e-09
8.328970137280829105e-08
7.551958823638363939e-06
1.581261472692388308e-03
3.015432203088284652e-03
2.729032939616422046e-04
1.234561715342620398e-05
9.238982231898415444e-07
1.384289379826818440e-07
4.180142962901123200e-08
3.095916499996560498e-08
7.109579560239073513e-08
4.581084873184000900e-07
8.511415894625333720e-06
4.236061335906610311e-04
3.108684548725139125e-03
7.230318562265284363e-04
6.272753682667891887e-05
7.916714007622478199e-06
1.658213077701654103e-06
6.119050967966228169e-07
4.053894710226852819e-07
5.112748967004626544e-07
1.220482299488659722e-06
5.524409382479708152e-06
4.657525357969404071e-05
5.362731720233698124e-04
1.656607330632325816e-03
6.403615932621970624e-04
1.190017581906820798e-04
2.340653190408975581e-05
5.740519336417293510e-06
1.766172872312524434e-06
6.682924319035821255e-07
3.027019337690065500e-07
1.593440568019146970e-07
9.473868734698847786e-08
6.224719325864218554e-08
4.373387165717262471e-08
3.157276269358035352e-08
2.238677796195428690e-08
1.468709523869168583e-08
7.999027950457284470e-09
2.470684897312079808e-09
-1.558909993284074643e-09
-4.076034836705763228e-09
-5.368073377417789677e-09
-5.865566222112671972e-09
-5.955105110325387683e-09
-5.877201544374816157e-09
-5.735425855418371985e-09
-5.573965934648662606e-09
-5.398827568458104928e-09
-5.210184678441383748e-09
-5.008158184140726726e-09
-4.793089706428125537e-09
-4.565173437378468478e-09
-4.324585072128838243e-09
-4.071787417204394789e-09
-3.807067878049252757e-09
-3.530639860783565361e-09
-3.242752439545736300e-09
-2.943722832876400057e-09
-2.633863543786212762e-09
-2.313473121196734011e-09
-1.982860235223223610e-09
-1.642351960365853780e-09
-1.292291474992371684e-09
-9.330199296290014803e-10
-5.648914642070329342e-10
-1.882697611685726596e-10
1.964805271888582878e-10
5.889728514840265004e-10
9.888091711581347947e-10
1.395561531764108115e-09
1.808804187469186581e-09
2.228082539666562426e-09
2.653086268580391512e-09
3.083732633722404151e-09
3.519558912479814372e-09
3.959890569208119235e-09
4.404153869549144390e-09
4.852037733151822157e-09
5.302892989649383324e-09
5.755130823320551227e-09
6.206495922814086687e-09
6.650803807813389040e-09
7.069753336102128812e-09
7.086408734598033635e-09
-1.712510873260643013e-08
-7.485806954810327618e-06
-2.862819529959538447e-03
-2.416808768135193363e-03
-1.979230255627933326e-04
-4.298058071806195403e-06
-1.760260314895562153e-07
-1.096273089054982600e-08
3.389012073535336419e-09
5.457469611139799767e-09
5.798477213225598035e-09
3.233051295236346797e-09
-5.493978635649567217e-08
-4.485975993556198642e-06
-1.064689630505623362e-03
-3.486243020987287843e-03
-3.807406130837931685e-04
-1.552977747579238120e-05
-1.107677945228820379e-06
-1.565602494321939526e-07
-4.250045554215470692e-08
-2.711288505973645173e-08
-5.410157349612779387e-08
-3.058017113387940262e-07
-4.914526252544344094e-06
-2.260088846993559377e-04
-3.038858626807294187e-03
-1.023135502504608123e-03
-8.784387354988949369e-05
-1.038245627663367500e-05
-1.977819470521104881e-06
-6.516542130556466483e-07
-3.800097253879813052e-07
-4.166098304420887712e-07
-8.600459601678937732e-07
-3.329265012088058569e-06
-2.418327441658215190e-05
-2.792879341238406954e-04
-1.530903510593628484e-03
-9.508897714552370494e-04
-1.906786961543197165e-04
-3.563890324445661911e-05
-8.091361222971613163e-06
-2.288706662942941243e-06
-7.939921381531833720e-07
-3.289990754680868982e-07
-1.577906939714072795e-07
-8.488726869864064016e-08
-4.953352169417544423e-08
-3.040078439001656476e-08
-1.870867275758570916e-08
-1.074609680694812209e-08
-4.912571272272329865e-09
-5.693274566196279866e-10
2.482151513271222694e-09
4.415906835788481763e-09
5.465717690569613392e-09
5.913337880226784220e-09
6.018855537476302165e-09
5.964598229142749339e-09
5.841122386887235277e-09
5.693279318980429874e-09
5.531882859768765848e-09
5.356668387438429198e-09
5.167927242970703849e-09
4.965860219077977548e-09
4.750759072298602196e-09
4.522789289055217665e-09
4.282181834855816834e-09
4.029396941147810066e-09
3.764679197036992335e-09
3.488248895750377683e-09
3.200357999459809373e-09
2.901332045757453278e-09
2.591475443023543438e-09
2.271084936118816104e-09
1.940472012562660214e-09
1.599965830683449546e-09
1.249906199747167807e-09
8.906350397916243821e-10
5.225065947774519347e-10
1.458855956234557695e-10
-2.388656806895475932e-10
-6.313574655975819075e-10
-1.031189962580085168e-09
-1.437933060870467801e-09
-1.851163239169681689e-09
-2.270422059728125769e-09
-2.695454151334274084e-09
-3.126139923217687684e-09
-3.561987822213446220e-09
-4.002307370922629061e-09
-4.446567696960891664e-09
-4.894456759977803966e-09
-5.345255227647431187e-09
-5.797288608887093582e-09
-6.248149492029475825e-09
-6.690115352833564490e-09
-7.104215154315973049e-09
-6.944845261091595967e-09
0.000000000000000000e+00
0.000000000000000000e+00
0.000000000000000000e+00
0.000000000000000000e+00
0.000000000000000000e+00
